2 9 3553
4 9 3106
1 2 3290
3 6 5160
5 9 4312
6 8 4979
9 10 4073
6 6 3226
9 6 4745
14 9 4114
8 5 4500
13 8 5153
7 4 3457
20 10 4400
11 5 4831
12 5 4268
20 8 3474
17 6 4224
18 6 3999
15 5 4325
15 5 4335
20 6 3170
32 9 3145
34 9 3748
23 6 3882
35 9 4656
20 5 4148
25 6 3181
9 2 4809
48 10 3521
30 6 4746
48 9 4424
32 6 3250
11 2 3932
41 7 4377
48 7 3825
72 10 3161
58 8 4717
29 4 4805
75 10 4314
62 8 4816
63 8 4562
56 7 4752
82 10 3998
79 9 4108
73 8 3501
37 4 4840
75 8 3782
85 9 4835
96 10 4554
78 8 3457
79 8 4747
20 2 3800
91 9 3232
71 7 3626
72 7 4575
42 4 3685
74 7 4167
96 9 4762
65 6 4307
90 8 4054
69 6 4109
94 8 4517
72 6 4226
49 4 4138
74 6 3549
100 8 3845
26 2 5069
94 7 3403
55 4 3427
69 5 4554
85 6 4335
57 4 3333
30 2 3927
30 2 4096
15 1 4056
92 6 4151
95 6 4656
57 3 3572
58 3 3635
61 3 4093
61 3 3361
87 4 3162
45 2 3908
94 4 4141
99 4 4163
79 3 4160
53 2 4563
56 2 4692
85 3 3112
88 3 4441
97 3 3629
69 2 4507
77 2 4768
83 2 5008
91 2 4768
72 1 5061
76 1 3628
80 1 3487
100 1 4430
