2 10 733
3 8 0
3 7 0
10 10 0
11 8 828
18 9 375
19 9 931
7 3 0
24 10 1667
10 4 0
27 10 2169
11 4 981
11 4 1351
23 7 2032
33 10 1494
7 2 0
11 3 247
33 9 926
30 8 1566
31 8 0
28 7 1694
37 9 67
30 7 1599
45 10 0
39 8 2331
44 9 1750
45 9 0
35 7 2051
36 7 0
26 5 0
11 2 1114
56 10 682
17 3 0
49 8 0
37 6 1587
32 5 1540
58 9 0
40 6 513
47 7 1581
34 5 637
34 5 1960
64 9 1302
51 7 0
22 3 0
59 8 0
59 8 0
74 10 2547
24 3 1394
86 10 256
26 3 601
87 10 364
88 10 1246
82 9 1025
47 5 0
79 8 677
100 10 0
71 7 0
74 7 0
87 8 0
77 7 0
88 8 0
100 9 0
34 3 1894
74 6 1409
87 7 2546
63 5 0
39 3 1212
93 7 1009
69 5 486
72 5 0
91 6 0
93 6 0
96 6 0
33 2 0
86 5 616
92 5 0
37 2 0
96 5 0
59 3 0
62 3 0
85 4 0
65 3 1862
68 3 0
68 3 1442
92 4 0
92 4 1872
53 2 1047
53 2 0
28 1 952
56 2 0
85 3 0
95 3 1311
69 2 0
83 2 296
98 2 0
69 1 1875
71 1 1451
73 1 0
82 1 0
87 1 2500
