1 8 0
2 5 452
5 10 0
5 8 2086
2 3 1686
4 5 765
3 3 0
6 5 789
18 10 350
20 10 1068
6 3 0
16 7 0
23 10 2097
23 10 1802
14 6 0
23 9 1753
28 10 0
28 9 2463
22 6 0
26 7 0
30 8 2107
15 4 0
31 8 1780
35 9 975
24 6 323
46 10 601
19 4 0
44 9 0
15 3 2550
51 10 272
33 6 0
11 2 0
55 10 1696
23 4 372
29 5 2510
55 9 0
43 7 0
44 7 994
32 5 935
46 7 965
61 9 0
21 3 0
57 8 2004
52 7 0
75 10 2236
60 8 0
23 3 0
62 8 0
31 4 124
59 7 37
17 2 0
78 9 216
53 6 0
89 10 621
82 9 584
73 8 1874
37 4 595
68 7 699
99 10 54
80 8 1031
80 8 606
100 10 370
71 7 1401
63 6 856
76 7 376
70 6 945
63 5 2334
77 6 0
39 3 1978
40 3 2296
96 7 1004
88 6 268
32 2 1211
97 6 516
51 3 1820
93 5 0
96 5 880
77 4 0
97 5 0
83 4 0
66 3 2418
68 3 0
100 4 852
78 3 0
85 3 0
89 3 0
32 1 0
33 1 2561
66 2 1170
78 2 0
83 2 0
84 2 0
87 2 2483
91 2 0
94 2 2084
57 1 1966
64 1 0
78 1 0
89 1 0
95 1 542
