4 7 2725
10 10 2960
2 2 3526
10 9 3080
5 4 3101
9 7 3175
7 5 3559
2 1 3122
14 7 2846
18 8 3018
5 2 3069
24 9 2849
25 9 3579
12 4 2754
33 10 3275
35 10 3381
22 6 3418
27 7 3257
31 8 3672
25 6 2927
35 8 2833
42 8 2857
53 10 2774
44 8 3578
50 9 3496
57 10 3676
25 4 3480
33 5 3641
66 10 3525
53 8 2995
60 9 3143
34 5 2683
34 5 3179
43 6 2779
22 3 3645
38 5 2825
61 8 3631
39 5 2648
80 10 2903
25 3 3329
69 8 2646
88 10 3612
36 4 3212
27 3 3023
90 10 3119
36 4 3575
37 4 2957
74 8 3611
86 9 3085
96 10 3543
90 9 2762
96 9 3495
22 2 3219
33 3 3386
67 6 3219
45 4 2948
93 8 2875
83 7 2783
95 8 2993
98 8 3025
87 7 3473
26 2 3128
13 1 2788
93 7 2751
42 3 3565
71 5 2981
76 5 2794
77 5 2793
79 5 2935
83 5 2799
100 6 3676
34 2 3035
69 4 3279
70 4 3465
53 3 2644
53 3 3351
56 3 3682
56 3 2988
40 2 2725
43 2 3590
67 3 3090
45 2 3371
93 4 2810
70 3 3390
73 3 2821
62 2 2921
97 3 3481
65 2 2868
73 2 3087
40 1 3006
84 2 3374
86 2 3102
48 1 3611
59 1 2729
77 1 3522
81 1 2891
87 1 2811
87 1 2997
94 1 3636
94 1 3678
