1 10 2446
1 6 5453
2 8 5580
3 7 5493
5 10 2504
2 4 5390
5 7 2937
9 10 1484
7 6 3741
11 9 5058
10 8 1858
9 6 3452
16 9 2607
15 8 2928
19 10 6033
16 8 3201
16 8 4642
18 8 3386
22 9 5994
13 5 5018
11 4 2427
24 8 4604
24 8 4805
33 10 1517
24 7 3513
22 6 5590
26 7 4466
31 8 2417
42 10 4508
35 8 4414
46 10 5175
34 7 4523
34 7 3299
25 5 3329
21 4 2220
44 8 1618
28 5 4849
25 4 2249
45 7 6119
48 7 1761
21 3 6296
22 3 3479
66 9 1988
69 9 3321
64 8 2934
64 8 4717
84 10 5661
76 9 5842
34 4 6240
92 10 4249
46 5 3742
37 4 4786
65 7 1919
29 3 6053
97 10 5250
68 7 3952
39 4 2545
39 4 2386
99 10 4237
20 2 6271
60 6 1457
31 3 3621
53 5 2727
98 9 5629
100 9 4147
79 7 2603
57 5 2655
59 5 3387
95 8 2661
97 8 3361
62 5 3958
26 2 3711
92 7 2919
81 6 3498
81 6 4470
54 4 1479
68 5 4101
55 4 4588
83 6 1791
14 1 5828
85 6 5512
43 3 5629
75 5 3245
75 5 4048
67 4 4358
77 4 5715
98 5 2845
100 4 3023
76 3 1812
53 2 3336
91 3 5069
100 3 4621
100 3 3147
69 2 2983
86 2 4030
52 1 4173
54 1 4108
67 1 4736
91 1 2523
93 1 4819
