6 9 655
4 5 308
5 6 2109
7 8 0
5 5 232
6 5 1733
6 5 202
11 8 0
13 9 154
8 5 488
13 7 2395
20 9 0
21 8 376
8 3 1277
21 7 678
31 10 239
33 10 1964
31 9 1691
28 8 1224
30 8 2496
47 10 471
29 6 0
29 6 2645
31 6 1818
44 8 2517
52 9 828
53 9 1393
48 8 2469
44 7 0
19 3 1921
65 10 314
39 6 172
13 2 2578
60 9 837
41 6 1243
57 8 159
54 7 0
62 8 0
83 10 0
75 9 1153
50 6 1849
59 7 1403
61 7 257
79 9 2223
88 10 144
44 5 2390
81 9 2220
27 3 864
56 6 1947
84 9 1591
48 5 930
30 3 417
93 9 2518
42 4 1443
21 2 297
64 6 1827
75 7 0
87 8 44
99 9 1032
11 1 1052
66 6 0
45 4 0
37 3 0
51 4 329
81 6 9
69 5 2644
97 7 0
71 5 0
100 7 1146
100 7 623
86 6 2355
87 6 2329
29 2 2476
76 5 982
46 3 1567
95 6 680
68 4 585
69 4 1019
79 4 1964
60 3 2340
20 1 1097
85 4 168
46 2 560
95 4 2564
72 3 2468
50 2 2103
52 2 1793
82 3 1442
83 3 2232
83 3 2384
86 3 1446
29 1 0
92 3 0
65 2 1144
39 1 1331
87 2 2168
93 2 2115
100 2 0
100 2 1267
90 1 0
