1 5 821
2 7 0
2 5 0
4 8 875
4 6 9
7 9 0
9 9 0
3 3 516
11 10 0
10 9 0
5 4 381
10 7 129
14 9 0
8 5 0
13 8 0
17 10 1
7 4 608
16 9 0
25 10 703
19 7 761
27 9 0
28 9 0
13 4 0
34 10 429
14 4 335
36 10 0
11 3 714
38 10 217
9 2 417
37 8 0
19 4 0
34 7 0
51 10 589
41 8 0
48 9 728
32 6 487
54 10 0
44 8 0
58 10 0
59 10 388
37 6 319
25 4 84
44 7 348
51 8 0
45 7 0
65 10 0
53 8 492
70 10 127
59 8 86
46 6 264
69 9 0
40 5 503
49 6 0
33 4 231
83 10 747
83 10 0
25 3 477
17 2 577
68 8 863
68 8 824
27 3 176
72 8 0
37 4 0
66 7 0
19 2 0
78 8 0
33 3 0
46 4 0
71 6 0
91 7 0
91 7 163
80 6 0
95 7 595
95 7 0
68 5 135
98 7 390
29 2 735
87 6 0
91 6 0
76 5 321
100 6 0
73 4 208
55 3 410
37 2 0
94 5 0
99 5 483
67 3 103
67 3 0
86 3 0
87 3 837
98 3 323
33 1 0
37 1 947
84 2 148
94 2 88
98 2 0
53 1 0
72 1 0
80 1 0
91 1 0
