1 10 423
2 7 0
3 10 334
2 6 2795
4 6 0
5 6 2627
7 8 2492
6 6 0
10 10 258
8 7 352
5 4 968
7 5 1019
7 5 0
12 8 0
17 10 0
9 5 232
17 9 0
2 1 1269
4 2 1711
18 8 1845
5 2 1543
18 7 813
26 9 1027
18 6 2079
24 8 492
34 9 7
19 5 2337
31 8 0
33 8 1265
26 6 2178
35 8 0
46 10 958
49 10 461
45 9 0
20 4 0
36 7 2116
38 7 1934
49 9 2051
51 9 1165
51 9 1669
58 10 836
47 8 533
26 4 721
40 6 397
64 9 1722
29 4 830
67 9 1938
75 10 2107
39 5 0
47 6 73
80 10 1883
60 7 2699
44 5 1983
47 5 2159
98 10 0
99 10 0
100 10 0
60 6 0
63 6 2101
74 7 2539
97 9 1503
81 7 2413
84 7 0
61 5 0
50 4 2587
25 2 309
28 2 1713
84 6 2217
98 7 908
85 6 2467
71 5 0
73 5 481
45 3 0
63 4 1510
63 4 0
33 2 2685
51 3 2653
71 4 1419
54 3 687
36 2 2577
78 4 2441
78 4 0
98 5 1363
62 3 1034
46 2 1361
48 2 0
75 3 2220
75 3 1400
56 2 0
86 3 119
91 3 0
100 3 190
37 1 682
79 2 1949
86 2 750
47 1 2607
99 2 0
100 2 1706
52 1 1735
85 1 1055
