2 10 3337
5 6 2920
8 9 3944
5 5 3392
2 2 4222
10 8 2723
9 7 4303
14 10 6019
13 9 5547
2 1 3089
16 8 5027
9 4 4942
13 5 2592
25 9 3153
21 7 4699
32 10 2392
26 8 6095
17 5 3921
19 5 3291
40 10 2875
30 7 2674
40 9 3229
24 5 3717
25 5 3056
16 3 2236
54 10 4645
38 7 4274
39 7 4084
39 7 4191
43 7 6033
39 6 2793
39 6 3290
64 9 3555
73 10 5526
53 7 3530
31 4 6279
49 6 5889
25 3 5430
27 3 3455
18 2 5228
93 10 3389
56 6 2187
49 5 5202
99 10 5171
91 9 2892
72 7 2298
62 6 4951
52 5 4247
94 9 2212
84 8 2217
85 8 4995
54 5 4860
68 6 3734
46 4 5570
81 7 4066
95 8 5204
96 8 3175
100 8 4109
76 6 4746
40 3 5427
68 5 3021
41 3 2554
83 6 4534
83 6 3037
83 6 2856
70 5 4337
70 5 6045
43 3 3637
93 6 4936
95 6 2753
67 4 4963
36 2 4302
72 4 2741
94 5 3031
95 5 3241
40 2 2260
90 4 5058
69 3 5311
92 4 2969
71 3 2476
25 1 2995
57 2 4590
58 2 5047
89 3 5586
63 2 5891
32 1 2138
97 3 3643
34 1 5785
36 1 2291
79 2 5263
80 2 6239
40 1 5563
48 1 4375
56 1 2632
60 1 4021
73 1 5786
74 1 3646
80 1 2381
86 1 6002
92 1 2533
