1 7 0
3 9 0
6 8 0
7 9 191
7 8 0
8 8 406
4 4 456
6 6 0
7 7 0
10 8 0
12 9 0
10 7 113
6 4 0
16 10 210
11 5 321
16 7 29
23 10 302
14 6 0
25 9 169
17 6 203
16 5 127
16 5 0
16 4 0
28 7 0
36 9 0
20 5 361
24 6 0
41 10 223
28 6 407
34 7 0
34 7 0
39 8 48
49 10 0
49 10 372
39 7 183
56 10 0
51 9 0
57 10 182
57 9 447
66 10 22
66 10 0
20 3 392
61 9 0
34 5 0
41 6 233
48 7 0
68 9 0
76 10 119
61 8 0
46 6 0
62 8 0
33 4 0
25 3 0
87 10 0
76 8 0
68 7 46
78 8 0
78 8 430
91 9 0
81 8 0
71 7 0
92 9 162
74 7 0
77 7 0
70 6 0
82 7 0
94 8 0
83 7 307
97 8 270
74 6 0
25 2 446
51 4 0
80 6 0
27 2 0
96 7 0
73 5 458
16 1 0
67 4 0
68 4 0
18 1 0
55 3 0
74 4 450
74 4 0
93 5 250
39 2 0
86 4 252
26 1 0
83 3 0
58 2 50
30 1 160
32 1 450
70 2 0
76 2 360
39 1 32
92 2 0
53 1 0
54 1 0
54 1 420
64 1 0
96 1 209
