4 6 3846
6 8 1621
7 9 3893
8 8 1087
13 9 4383
17 10 4551
11 6 216
13 7 663
8 4 0
2 1 4384
15 7 4216
25 10 570
19 7 3159
20 7 1722
31 10 333
16 5 2121
16 5 3946
38 10 4711
27 7 1403
31 8 420
12 3 1522
16 4 0
33 8 489
44 9 675
40 8 809
15 3 485
20 4 2489
41 8 0
46 8 2708
56 9 4158
26 4 868
66 10 2176
64 9 2397
50 7 231
37 5 3756
38 5 3631
23 3 404
39 5 382
63 8 1477
79 10 2092
25 3 233
85 10 0
43 5 1366
61 7 608
46 5 2153
65 7 245
78 8 1454
61 6 304
88 8 4454
79 7 0
80 7 133
69 6 735
23 2 4678
93 8 3933
93 8 3370
59 5 712
12 1 2022
84 7 2521
76 6 0
77 6 450
79 6 229
67 5 4
54 4 69
95 7 885
55 4 4107
97 7 3222
84 6 1154
70 5 3091
71 5 4059
86 6 1755
88 6 511
94 6 2072
82 5 967
66 4 4418
85 5 4721
85 5 2910
92 5 0
37 2 3815
80 4 1783
21 1 3086
91 4 2078
92 4 3003
95 4 0
72 3 1705
24 1 562
90 3 2476
70 2 4627
36 1 1316
36 1 2296
81 2 929
41 1 2976
82 2 2622
83 2 0
84 2 4090
85 2 674
52 1 4169
65 1 3829
86 1 1249
89 1 4429
91 1 3485
