1 5 1507
8 10 1630
5 6 2317
1 1 1768
11 8 2294
14 9 2436
7 4 2341
19 10 1847
19 10 1860
7 3 1584
19 8 1733
17 7 1896
11 4 2042
28 10 2129
27 9 1930
13 4 1631
10 3 1727
42 10 2113
21 5 2019
17 4 1846
28 6 2009
28 6 2262
19 4 1663
24 5 2350
44 9 2223
49 10 1960
49 10 1816
35 7 2010
5 1 1651
26 5 1767
49 9 1925
57 10 1893
23 4 2195
52 9 2200
58 10 1889
35 6 1617
41 7 1525
50 8 1603
39 6 1851
33 5 1669
40 6 2205
49 7 2327
60 8 1979
75 9 1826
85 10 1891
69 8 2321
88 10 2209
72 8 1968
75 8 2255
75 8 2058
38 4 2109
29 3 2058
80 8 2110
72 7 2135
42 4 1604
96 9 2366
54 5 2006
98 9 1731
23 2 2427
46 4 1649
35 3 1594
95 8 1862
84 7 2057
24 2 2441
87 7 1960
88 7 1769
64 5 1706
27 2 2006
57 4 1660
87 6 2409
87 6 1838
47 3 1780
82 5 1915
35 2 1510
100 5 2276
60 3 2349
63 3 2360
44 2 2376
45 2 1992
70 3 2291
95 4 1519
24 1 2077
98 4 2120
25 1 2379
76 3 1592
78 3 2387
54 2 2363
56 2 2265
85 3 2165
92 3 1977
34 1 2031
39 1 1642
85 2 1652
86 2 1631
87 2 1583
89 2 1522
92 2 1575
47 1 2357
64 1 1916
71 1 2001
