1 9 3078
1 4 2654
6 9 3038
4 6 2829
5 7 2923
6 8 3187
7 8 3151
8 8 2578
1 1 2813
10 9 2785
5 4 2910
14 9 2850
17 9 3355
4 2 2501
10 4 3130
10 4 2653
28 10 3276
18 6 3264
3 1 3449
28 8 2523
18 5 3261
33 9 2929
34 9 3265
19 5 2932
39 10 3444
20 5 2910
39 8 3132
41 8 2866
36 7 2690
21 4 2902
43 8 2993
50 9 3069
39 7 2703
59 10 2558
61 10 3413
62 10 3369
31 5 3240
62 10 2563
50 8 3399
45 7 2918
39 6 3009
52 8 3449
67 10 2593
65 9 3171
66 9 3332
15 2 3332
33 4 3233
75 9 3472
67 8 2718
78 9 2843
71 8 3294
92 10 3073
84 9 3478
67 7 2722
89 9 3217
90 9 2700
70 7 2500
91 9 2762
81 8 2585
31 3 3464
84 8 2691
32 3 3418
75 7 2759
99 9 3286
72 6 3272
98 8 3123
86 7 3111
62 5 2539
100 8 3464
75 6 2938
76 6 3474
77 6 2826
53 4 2842
95 7 2794
41 3 2922
42 3 3433
61 4 2620
31 2 2869
32 2 3368
68 4 2755
35 2 2933
18 1 2845
81 4 3305
41 2 3177
62 3 2965
91 4 2994
54 2 3148
55 2 3202
87 3 2995
95 3 2743
96 3 2725
98 3 3477
72 2 2722
75 2 2939
39 1 3122
49 1 3046
55 1 3229
66 1 2642
68 1 2556
77 1 2627
