1 10 3907
5 8 4261
5 5 4520
13 10 4567
16 10 3803
15 9 3814
14 8 4248
14 8 3875
18 9 4015
22 10 4062
22 10 4187
20 9 4393
20 8 4293
13 5 3717
8 3 4727
14 5 3797
31 10 3857
23 7 4015
10 3 4508
21 6 3738
19 5 3767
36 9 3857
14 3 3727
24 5 4558
39 8 3782
46 9 4202
46 9 4547
37 7 3974
27 5 4612
49 9 4360
51 9 4760
49 8 4318
25 4 4562
39 6 4066
33 5 4281
61 9 4502
35 5 4740
65 9 4188
22 3 4324
68 9 3819
69 9 4642
41 5 4243
17 2 4378
69 8 4207
78 9 4527
53 6 4609
72 8 3928
54 6 3729
91 10 3790
65 7 4366
94 10 3752
58 6 4122
99 10 4227
90 9 4536
50 5 4204
91 9 3713
61 6 4113
82 8 4240
72 7 4753
31 3 4095
73 7 4068
92 8 3815
53 4 4537
53 4 4762
94 7 3726
81 6 4384
55 4 4281
28 2 4142
87 6 4582
89 6 4546
89 6 4471
60 4 3811
60 4 4151
79 5 4681
95 6 3724
32 2 4235
80 5 4768
50 3 4339
100 6 4025
51 3 4707
18 1 3858
72 4 3713
55 3 4761
74 4 3743
97 5 4126
97 5 4022
79 4 4671
88 4 4591
74 3 3735
54 2 4761
99 3 4648
73 2 4507
87 2 4361
47 1 4262
100 2 4231
52 1 4412
65 1 3888
67 1 3864
86 1 4288
88 1 3722
