1 9 3016
3 7 4108
1 2 4958
2 3 4773
7 8 1952
8 6 2959
16 10 1083
15 9 2707
9 5 3895
13 7 3454
8 4 5185
23 10 5220
11 4 4284
25 8 3003
25 8 1393
10 3 3763
22 6 1540
34 9 2695
23 6 4552
33 8 1169
26 6 1571
18 4 5114
33 7 4446
38 8 2958
51 10 3951
39 7 1535
40 7 3243
6 1 3134
6 1 4253
55 9 1391
54 8 3068
48 7 3385
28 4 2956
70 10 1539
74 10 1995
77 10 2742
31 4 4155
78 9 3110
72 8 1281
74 8 5036
65 7 3173
94 10 1328
94 10 2114
95 10 3850
96 10 1146
29 3 1668
78 8 1190
98 10 1924
98 10 1682
59 6 3192
62 6 1386
21 2 3036
64 6 2723
66 6 1584
59 5 1257
73 6 1971
62 5 3152
50 4 1111
93 7 4190
81 6 1681
97 7 2812
86 6 4606
43 3 5143
86 6 5400
88 6 4661
48 3 3134
64 4 3139
49 3 4094
82 5 3952
66 4 4008
99 6 3619
84 5 2777
35 2 3843
36 2 3468
95 5 4096
62 3 3069
84 4 5117
43 2 3764
71 3 5188
98 4 1110
50 2 4769
51 2 3441
81 3 4093
33 1 3319
34 1 1702
68 2 5377
37 1 5234
42 1 2719
44 1 4213
60 1 4115
64 1 3791
72 1 1317
78 1 5138
78 1 2914
82 1 2959
88 1 4513
92 1 2698
94 1 5243
95 1 2183
98 1 4075
