1 10 20
1 9 503
1 7 0
1 6 195
5 9 2691
6 8 1645
9 10 834
2 2 0
10 9 1431
12 8 162
14 8 1965
16 9 1902
18 10 3088
6 3 1467
10 5 381
17 8 1775
10 4 0
13 5 458
20 7 1175
22 7 0
29 9 3297
23 7 2217
37 10 0
35 9 2450
39 10 2820
42 10 0
13 3 0
35 8 1684
40 9 752
32 7 0
49 10 2057
20 4 0
46 9 1165
41 8 0
31 6 0
54 10 0
45 8 0
40 7 629
23 4 0
30 5 693
65 10 1747
65 10 2245
47 7 0
21 3 3240
14 2 2319
71 10 2799
56 7 2434
72 9 1120
72 9 395
81 10 601
60 7 0
80 9 1528
63 7 1197
64 7 2442
74 8 0
93 10 2250
68 7 1133
98 10 414
89 9 0
51 5 0
84 8 1766
21 2 0
63 6 0
78 7 0
92 8 1006
69 6 3002
84 7 2843
49 4 0
90 7 714
68 5 1235
28 2 1869
87 6 2770
61 4 0
31 2 3118
31 2 3038
16 1 1043
65 4 1978
50 3 0
71 4 0
54 3 3195
75 4 0
97 5 0
67 3 2076
69 3 2378
71 3 0
100 4 1337
26 1 1016
84 3 0
91 3 70
32 1 1392
65 2 0
73 2 0
37 1 1148
39 1 0
93 2 3342
95 2 2574
48 1 306
55 1 3193
88 1 0
94 1 0
