1 5 1118
5 7 5178
4 5 2079
7 8 5705
12 10 734
14 10 2695
14 10 1446
12 6 4052
19 9 1899
11 5 4964
11 5 3032
23 10 5506
14 6 4732
22 8 1776
31 9 659
11 3 1749
38 10 635
36 9 4785
12 3 5283
37 9 1273
31 7 1356
31 7 2751
32 7 3438
47 10 5050
25 5 1769
52 10 4529
50 9 4687
39 7 3476
17 3 4936
49 8 3950
52 8 1180
60 9 1293
67 10 1895
49 7 4954
42 6 1680
64 9 3575
23 3 4566
63 8 5265
71 9 2800
48 6 962
80 10 664
68 8 4107
79 9 2939
53 6 1942
73 8 2730
57 6 4023
79 8 1357
10 1 3751
52 5 3083
94 9 3506
85 8 2127
88 8 4107
79 7 1987
91 8 1614
23 2 4558
98 8 3428
86 7 3793
39 3 831
81 6 4852
14 1 3205
43 3 3819
45 3 3315
81 5 5811
65 4 3337
66 4 5818
70 4 1177
72 4 5464
92 5 2284
94 5 3598
57 3 1689
79 4 1952
83 4 1359
42 2 5322
84 4 6032
85 4 1899
88 4 4569
25 1 1565
50 2 4851
80 3 2903
82 3 2411
96 3 5696
98 3 3852
98 3 5678
99 3 1212
69 2 801
71 2 4824
79 2 3628
79 2 886
89 2 619
90 2 817
50 1 1907
57 1 1619
57 1 4766
59 1 1654
60 1 5019
61 1 1143
67 1 955
85 1 2985
85 1 1441
87 1 4996
