2 8 0
4 9 0
5 10 1620
6 10 815
5 8 0
2 3 0
5 7 0
9 9 0
8 8 0
11 10 1167
8 7 0
9 7 788
7 5 0
21 10 0
25 10 0
16 6 0
12 4 0
3 1 1954
10 3 1652
23 6 247
27 7 1177
41 10 1067
40 9 446
23 5 679
48 9 1469
22 4 0
23 4 318
18 3 0
61 10 0
43 7 1079
65 10 13
46 7 0
66 10 0
33 5 0
35 5 20
56 8 1148
59 8 948
67 9 1495
46 6 199
54 7 394
39 5 0
55 7 402
65 8 0
82 10 402
66 8 0
75 9 177
84 10 1619
85 10 0
87 10 1543
62 7 692
45 5 0
64 7 0
64 7 1472
67 7 335
50 5 0
93 9 0
63 6 1783
77 7 0
82 7 0
84 7 1934
72 6 0
85 7 240
25 2 0
64 5 1343
13 1 0
66 5 599
54 4 1401
68 5 410
70 5 0
85 6 0
74 5 1814
90 6 561
62 4 1619
16 1 1188
49 3 1349
76 4 0
38 2 0
63 3 1481
66 3 235
47 2 0
76 3 18
26 1 0
85 3 816
57 2 0
89 3 0
35 1 0
36 1 0
37 1 474
45 1 0
94 2 1105
96 2 0
49 1 606
58 1 1266
59 1 0
63 1 0
66 1 1390
74 1 685
83 1 0
84 1 0
98 1 1223
