2 10 2511
4 9 3288
4 9 2233
5 10 3719
7 9 3501
3 3 2042
4 4 2470
10 10 2387
10 8 2787
10 6 3512
14 8 2453
14 8 3298
10 5 3845
4 2 2198
21 10 2638
19 9 2643
13 6 3050
20 8 2673
18 7 2415
15 5 2865
6 2 2520
28 9 3221
22 7 3429
19 5 3170
44 10 2623
9 2 3103
49 10 3469
46 9 3583
36 7 2300
47 9 2172
49 9 2581
33 6 2461
56 10 3436
23 4 3589
53 9 2846
19 3 3606
50 7 3990
59 8 3484
67 9 3220
67 9 3360
38 5 2470
39 5 2108
9 1 2402
73 8 3363
85 9 2602
19 2 2537
48 5 2299
48 5 2832
79 8 2869
40 4 2263
41 4 2830
93 9 2779
94 9 2543
85 8 2678
11 1 2095
44 4 3878
89 8 3915
45 4 3976
79 7 3380
47 4 2104
47 4 3232
95 8 2496
97 8 2773
87 7 2242
87 7 2909
92 7 3829
79 6 2778
79 6 2763
40 3 2366
68 5 3110
86 6 2952
44 3 2278
15 1 3871
61 4 3084
67 4 3263
89 5 3162
94 5 3537
95 5 2363
95 5 3564
77 4 2261
99 5 3557
85 4 2684
88 4 2476
93 4 2885
71 3 3585
55 2 3371
58 2 2042
89 3 2180
95 3 2158
32 1 2642
64 2 2844
40 1 3757
94 2 3889
49 1 3952
99 2 2905
58 1 2923
60 1 2880
66 1 2023
73 1 2100
75 1 2376
