1 8 1357
2 10 2368
4 9 2969
5 7 3784
10 8 2319
5 3 2642
2 1 2606
2 1 1935
2 1 4116
20 9 1654
18 8 1510
11 4 632
19 6 2142
13 4 185
13 4 2527
30 9 2301
24 7 1567
29 8 1569
30 8 1516
41 10 2345
37 8 965
33 7 0
38 8 988
20 4 243
40 8 2068
41 8 1292
42 8 4252
38 7 2088
44 8 2969
11 2 4371
57 10 4269
36 6 1881
42 7 3315
58 9 0
58 9 1000
39 6 1745
26 4 628
40 6 2867
61 9 742
72 10 2453
68 9 0
46 6 2181
78 10 4069
40 5 0
72 9 0
49 6 3170
49 6 148
44 5 68
53 6 2226
83 9 2882
37 4 4217
38 4 471
76 8 769
19 2 1961
97 10 1195
10 1 1070
40 4 2808
72 7 4282
21 2 3180
21 2 265
97 9 4307
100 9 1721
34 3 639
46 4 0
59 5 1773
74 6 2818
13 1 0
93 7 0
81 6 1424
95 7 2072
96 7 2156
28 2 427
29 2 2224
59 4 2862
90 6 225
60 4 829
92 6 4171
63 4 84
99 6 3705
74 4 3957
99 5 2555
62 3 0
63 3 1415
47 2 2938
49 2 0
74 3 556
76 3 2934
63 2 3006
65 2 3011
98 3 4034
33 1 4147
70 2 4212
36 1 4141
40 1 1509
47 1 4093
95 2 2697
71 1 1825
89 1 3258
90 1 873
99 1 2467
