1 4 494
4 9 33
5 9 209
7 9 307
9 8 889
12 10 107
8 6 0
12 9 0
10 5 0
8 4 530
18 9 140
17 7 0
5 2 0
21 8 270
14 5 301
23 8 3
35 10 0
32 9 533
25 7 481
15 4 0
19 5 948
27 7 0
40 10 0
4 1 641
20 5 0
20 5 239
26 6 0
49 10 859
40 8 61
41 8 0
46 8 313
23 4 0
47 8 748
53 9 236
30 5 504
42 7 0
60 10 0
61 10 0
61 10 0
51 8 0
60 9 684
37 5 0
52 7 0
15 2 0
54 7 0
55 7 0
48 6 0
58 7 0
84 10 691
26 3 510
18 2 848
58 6 413
68 7 710
20 2 0
74 7 0
85 8 936
33 3 0
68 6 718
91 8 0
81 7 0
58 5 309
70 6 375
96 8 654
96 8 0
84 7 608
85 7 340
63 5 0
26 2 0
27 2 371
41 3 0
84 6 0
44 3 333
59 4 0
15 1 155
77 5 0
78 5 0
95 6 0
95 6 694
50 3 0
53 3 0
37 2 803
42 2 0
44 2 0
68 3 0
72 3 0
84 3 0
89 3 636
61 2 0
61 2 0
62 2 507
93 3 0
92 2 0
49 1 0
98 2 309
64 1 257
68 1 0
72 1 0
77 1 722
92 1 0
94 1 740
