1 5 2088
1 4 0
3 8 874
4 8 0
4 5 0
8 10 1467
9 9 0
13 8 2022
13 8 744
15 9 2204
16 9 1644
7 3 684
22 9 1568
20 7 0
18 6 0
25 8 0
25 8 0
25 7 0
36 10 497
31 8 917
35 9 1402
38 9 0
22 5 396
40 9 0
27 6 212
45 10 1429
36 8 656
23 5 0
42 9 0
27 5 1771
27 5 0
47 8 0
48 8 1131
65 10 0
65 10 1532
52 8 1475
33 5 2281
20 3 0
47 7 1929
57 8 1994
51 7 233
75 10 1568
53 7 2494
46 6 1797
60 7 0
70 8 0
71 8 0
45 5 0
73 8 0
74 8 691
57 6 0
48 5 1801
89 9 0
50 5 0
31 3 974
84 8 0
97 9 0
79 7 2103
46 4 1302
72 6 692
65 5 2179
91 7 1654
95 7 2080
57 4 0
100 7 0
15 1 1327
97 6 0
81 5 1150
49 3 1040
34 2 0
69 4 1528
94 5 1426
94 5 0
19 1 2135
98 5 0
80 4 0
61 3 2229
21 1 0
88 4 0
90 4 0
23 1 0
70 3 0
96 4 1670
58 2 0
89 3 0
61 2 0
67 2 1328
67 2 1901
68 2 1751
82 2 1313
42 1 0
55 1 6
55 1 740
64 1 0
69 1 848
70 1 0
70 1 0
71 1 299
84 1 0
86 1 4
