2 6 0
5 10 512
6 9 0
5 7 0
4 5 59
8 9 39
4 4 926
10 9 0
9 7 0
12 9 0
14 10 968
8 5 0
10 6 0
20 10 415
13 6 0
23 10 519
13 5 362
27 10 0
11 4 0
22 8 635
17 6 485
24 8 489
31 10 301
32 10 570
31 9 367
7 2 0
31 8 546
38 9 0
39 9 0
9 2 0
40 8 195
46 9 105
49 9 272
57 10 0
41 7 366
56 9 715
19 3 521
47 7 0
73 10 0
67 9 0
30 4 743
31 4 0
47 6 157
71 9 511
72 9 0
74 9 0
58 7 250
59 7 113
85 10 0
85 10 83
77 9 690
43 5 940
35 4 275
18 2 418
45 5 0
66 7 0
97 10 462
98 10 0
40 4 173
10 1 0
82 8 0
52 5 0
76 7 0
55 5 0
88 8 0
99 9 0
22 2 0
91 8 0
57 5 706
48 4 0
84 7 690
99 8 732
87 7 567
38 3 843
92 7 565
53 4 0
43 3 506
87 6 622
74 5 254
76 5 97
61 4 0
31 2 0
94 6 671
86 5 946
88 5 0
92 5 341
93 5 0
94 5 157
80 4 637
81 4 459
22 1 0
83 3 0
60 2 956
30 1 448
66 2 0
41 1 843
84 2 0
95 2 0
60 1 0
93 1 0
