1 7 586
1 7 884
1 6 758
1 2 1136
3 6 0
5 9 629
2 3 725
6 9 0
2 3 0
5 7 0
7 9 0
8 9 0
10 8 0
12 6 0
21 10 1084
22 8 0
14 5 727
9 3 650
24 8 1255
28 9 25
13 4 0
27 8 1318
11 3 1003
12 3 0
4 1 44
18 4 0
28 6 0
42 9 227
38 8 0
44 9 0
50 10 0
37 7 0
38 7 345
29 5 0
60 10 0
12 2 349
12 2 0
62 10 421
62 10 0
50 8 656
32 5 496
26 4 1080
53 8 0
67 10 0
70 10 0
57 8 618
54 7 1080
80 10 0
77 9 949
86 10 0
26 3 0
61 7 0
71 8 1359
81 9 0
83 9 536
37 4 1100
70 7 941
63 6 0
54 5 747
33 3 0
100 9 240
89 8 0
56 5 0
57 5 0
84 7 984
99 8 0
88 7 0
38 3 486
51 4 1145
13 1 0
93 7 1148
82 6 608
55 4 0
97 7 0
63 4 486
79 5 717
98 6 422
67 4 0
17 1 0
69 4 1079
35 2 0
54 3 0
73 4 524
57 3 605
98 5 164
41 2 257
62 3 0
45 2 0
46 2 819
46 2 0
63 2 0
97 3 1351
99 3 0
34 1 589
69 2 0
69 2 1203
41 1 1207
45 1 0
66 1 0
99 1 1140
