2 9 671
2 7 0
4 8 1821
6 9 1507
7 10 1085
3 4 256
8 8 829
11 10 1932
14 10 561
19 10 0
20 9 2584
21 9 820
25 10 748
5 2 1283
21 8 1829
14 5 974
14 5 617
14 5 2364
29 10 0
28 9 2557
32 10 0
16 5 0
17 5 1257
32 9 1870
11 3 0
27 7 0
22 5 21
27 6 94
9 2 148
23 5 1818
30 6 562
40 8 715
30 6 1305
35 7 2169
21 4 239
54 10 0
48 8 0
55 9 0
49 8 2462
37 6 1298
65 10 343
39 6 0
39 6 0
28 4 0
73 10 221
74 10 0
15 2 192
39 5 0
48 6 0
82 10 2448
66 8 1119
70 8 2137
53 6 2185
62 7 2349
80 9 77
36 4 727
67 7 87
77 8 409
39 4 2608
39 4 216
98 10 0
79 8 2632
10 1 351
100 10 354
50 5 689
31 3 0
62 6 219
32 3 0
66 6 989
65 5 0
52 4 0
96 7 260
28 2 428
14 1 1410
43 3 1024
47 3 0
82 5 2527
88 5 0
18 1 185
55 3 934
92 5 1673
76 4 2289
40 2 2167
100 5 864
87 4 561
66 3 1511
68 3 2092
24 1 959
74 3 2638
56 2 0
65 2 987
99 3 0
33 1 704
73 2 1386
40 1 2155
43 1 0
52 1 652
75 1 375
78 1 1968
98 1 2260
