1 9 6971
1 6 5565
5 7 6767
9 10 4468
1 1 3155
7 6 3176
4 3 4440
3 2 3479
14 9 5178
9 5 4850
15 7 2653
5 2 5110
26 10 2797
20 7 4482
26 8 3654
35 10 3469
25 7 4472
22 6 6610
38 10 1697
40 10 3254
28 7 4808
38 9 4875
34 8 5121
45 10 1766
37 8 3969
10 2 4413
42 8 2374
53 10 4672
48 9 4700
38 7 6238
46 7 3349
46 7 1678
66 10 1794
34 5 5475
56 8 2594
42 6 2879
46 6 6040
69 9 5485
78 10 3435
8 1 3740
73 9 3001
57 7 5282
75 9 4646
75 9 4395
43 5 1778
71 8 5348
9 1 3880
48 5 5510
39 4 3220
39 4 6836
70 7 4793
92 9 2412
92 9 2650
98 9 1920
89 8 6108
45 4 5755
70 6 4274
60 5 4705
86 7 6995
99 8 2512
87 7 5342
77 6 4161
79 6 4531
79 6 5025
83 6 3451
98 7 6516
31 2 2158
94 6 6749
81 5 3798
98 6 2538
99 6 2612
17 1 2764
68 4 4270
74 4 1999
94 5 5881
81 4 6653
88 4 6371
92 4 5369
96 4 6613
73 3 2594
74 3 6660
99 4 2487
52 2 5162
58 2 6378
31 1 4391
35 1 2704
84 2 3261
44 1 6974
94 2 6434
96 2 5494
51 1 4417
54 1 4118
60 1 5997
72 1 1846
77 1 5856
81 1 7122
84 1 6438
84 1 5569
93 1 7036
100 1 7008
