3 10 2785
3 9 4729
3 4 5193
7 9 4285
6 7 5689
8 8 2082
8 5 4567
21 10 2172
19 8 3548
22 9 4298
5 2 3424
26 10 2625
21 8 5373
25 9 2468
17 6 3348
20 7 2005
27 9 2041
10 3 4169
20 6 2624
15 4 4121
15 4 3726
36 9 4408
12 3 4554
21 5 2857
38 9 3990
13 3 3226
44 10 3459
36 8 4263
19 4 2259
30 6 3424
40 8 2863
55 10 5677
44 8 2980
42 7 2012
49 8 3630
38 6 2802
32 5 4931
46 7 5695
47 7 5821
61 9 5328
77 10 3029
62 8 4600
78 10 2836
24 3 4356
64 8 5576
73 9 4660
33 4 2181
33 4 5334
83 10 4115
72 8 3786
91 10 3719
94 10 3479
86 9 3213
48 5 4634
77 8 2066
31 3 4983
94 9 2722
47 4 5663
72 6 2490
86 7 2591
89 7 4595
66 5 2316
94 7 5010
54 4 4877
96 7 5517
70 5 3655
42 3 5278
77 5 4578
96 6 2784
98 6 2253
17 1 4652
54 3 5957
75 4 5739
82 4 2545
41 2 3035
83 4 5619
47 2 4518
95 4 4539
24 1 4386
73 3 2989
73 3 3085
51 2 3415
26 1 2684
86 3 3230
29 1 5570
89 3 4954
60 2 2554
97 3 3189
39 1 5164
42 1 5108
43 1 5174
43 1 4833
57 1 2063
58 1 2402
68 1 3318
72 1 5301
80 1 2608
81 1 3817
86 1 3043
97 1 4858
