2 5 2640
2 4 3634
5 9 4143
5 7 3816
3 3 4579
4 4 4837
6 6 3452
14 9 5783
17 9 3960
16 8 3036
19 9 2737
16 7 3392
24 10 5505
25 10 5633
28 10 5121
28 9 4580
25 8 3503
33 10 5434
27 8 5402
17 5 5445
35 10 4127
36 10 3978
22 6 5279
37 10 3965
34 8 4737
39 9 5311
22 5 4931
33 7 5059
44 9 5107
31 6 4876
26 5 3070
47 9 4386
49 8 3424
43 7 4940
38 6 4162
65 10 5558
68 10 5393
42 6 5242
51 7 3830
51 7 4254
68 9 5592
71 9 5525
72 9 4180
81 10 3932
73 9 3125
65 8 2768
57 7 4654
57 7 5270
85 10 3561
87 10 4937
55 6 4361
92 10 5613
65 7 2938
28 3 3859
84 9 5575
56 6 5797
57 6 3834
39 4 4563
49 5 2745
100 10 3149
82 8 5189
84 8 4716
64 6 4802
79 7 4565
81 7 5493
81 7 4087
12 1 4431
48 4 3191
36 3 4801
62 5 5382
38 3 2744
92 7 3222
53 4 4830
96 7 3005
56 4 4521
85 6 3077
62 4 3910
78 5 4745
64 4 5291
81 5 4534
96 5 4116
91 4 3162
92 4 5104
70 3 2723
96 4 3665
56 2 4624
67 2 3045
76 2 3050
77 2 4285
80 2 4836
45 1 4281
45 1 4989
96 2 2950
96 2 3115
49 1 5561
49 1 3371
56 1 3380
66 1 4758
76 1 3905
92 1 4952
