1 7 949
5 9 2426
8 8 2295
11 9 2690
9 7 2564
14 10 4031
9 6 3400
11 7 2840
15 9 393
12 7 1688
18 10 3622
11 6 3741
14 7 950
13 6 3852
19 8 2519
17 7 249
21 8 2635
17 6 3529
26 9 1782
6 2 974
30 10 3901
10 3 3605
29 8 2685
33 9 1251
33 9 1832
27 7 3480
4 1 3512
33 8 1354
18 4 429
32 7 3436
39 8 1776
44 9 1348
40 8 2812
31 6 1656
47 9 2808
43 7 119
38 6 2783
61 9 3241
49 7 2166
36 5 247
36 5 2558
44 6 2684
15 2 3542
32 4 2195
81 10 83
82 10 2496
74 9 645
75 9 3965
86 10 689
45 5 3555
78 8 3232
52 5 3165
63 6 781
99 9 91
78 7 290
46 4 1380
23 2 1838
35 3 944
82 7 2114
71 6 1254
85 7 433
75 6 1378
76 6 3026
13 1 2307
94 7 186
96 7 2192
99 7 418
85 6 853
89 6 2151
30 2 1416
75 5 1255
61 4 2390
46 3 2353
98 6 3573
17 1 213
93 5 1024
56 3 591
77 4 3645
100 5 3661
82 4 1419
43 2 1159
76 3 2991
80 3 1732
56 2 2718
84 3 3087
86 3 3119
88 3 3829
100 3 280
39 1 1840
85 2 707
94 2 3630
100 2 149
57 1 2528
63 1 3409
69 1 3419
73 1 203
77 1 2949
81 1 3220
91 1 3767
92 1 2445
