2 10 3363
2 10 4154
3 10 4209
8 8 3984
7 7 3946
8 8 4095
16 10 3941
10 5 3704
13 6 3429
18 8 3843
7 3 4106
24 10 3749
24 9 4101
16 6 4284
19 7 3577
20 7 4042
20 6 3993
29 7 3801
42 10 4097
17 4 4056
30 7 3822
44 10 3608
14 3 3509
24 5 3565
24 5 4158
48 10 3752
24 5 3620
39 8 3432
44 9 3920
32 6 3662
16 3 3537
11 2 3692
56 9 3726
65 10 4061
13 2 4115
67 10 3845
54 8 3718
34 5 3540
50 7 4165
75 10 3548
41 5 3442
76 9 3421
86 10 3379
88 10 3965
53 6 4158
62 7 3954
73 8 4007
55 6 4250
83 9 3379
74 8 3870
37 4 3985
84 9 3889
56 6 3393
86 9 3685
100 10 3696
71 7 4173
62 6 3377
66 6 4054
70 6 4280
35 3 4211
48 4 4135
49 4 3803
13 1 3534
65 5 4284
92 7 3594
92 7 3764
80 6 3864
27 2 3634
84 6 3907
85 6 3438
57 4 3731
33 2 4129
51 3 3871
70 4 3430
55 3 4008
93 5 3394
57 3 3469
57 3 3558
19 1 3665
83 4 3481
42 2 3978
22 1 3860
46 2 3641
24 1 3875
51 2 4260
77 3 3872
52 2 3628
95 3 3877
66 2 4260
35 1 3475
71 2 4091
71 2 4016
41 1 3786
41 1 3515
83 2 3907
63 1 3457
66 1 3973
68 1 3744
68 1 3648
73 1 3786
