2 8 2147
3 9 0
5 8 491
6 9 1610
1 1 1483
8 7 507
11 9 0
12 8 2897
8 5 0
14 8 0
11 6 0
12 6 1573
18 9 1330
14 6 2574
21 9 1329
24 10 198
22 9 2427
23 8 1967
31 10 1276
32 10 118
29 9 194
7 2 506
33 9 346
38 10 747
31 8 1500
42 10 1516
33 7 0
40 8 1783
30 6 2562
51 10 0
41 8 1207
53 10 1209
32 6 0
16 3 0
27 5 470
55 10 1315
50 9 0
35 6 1145
53 9 1862
48 8 0
27 4 1308
49 7 0
65 9 1507
58 8 857
80 10 0
83 10 1006
76 9 2324
53 6 1678
53 6 0
90 10 0
64 7 0
92 10 1694
47 5 0
39 4 357
91 9 1723
97 9 1236
100 9 2186
89 8 2143
89 8 80
61 5 1457
49 4 0
26 2 2013
65 5 2333
41 3 1298
28 2 0
57 4 2646
90 6 2221
83 5 2128
17 1 0
52 3 0
91 5 2266
97 5 2068
40 2 2714
20 1 2242
80 4 2919
62 3 0
64 3 320
43 2 2042
65 3 2553
92 4 733
53 2 622
80 3 2049
83 3 0
28 1 1392
62 2 2852
32 1 1516
99 3 845
67 2 1545
40 1 0
82 2 1495
43 1 2088
43 1 2609
94 2 420
53 1 194
58 1 837
59 1 258
64 1 938
69 1 283
92 1 2057
97 1 0
