3 8 2477
3 7 1546
5 10 2632
5 10 816
4 8 2674
8 10 1161
2 2 2012
8 8 2980
6 6 1345
3 2 2438
8 5 1166
7 4 2093
16 9 656
11 6 741
19 10 1426
20 10 1374
14 5 504
14 5 2250
20 7 812
31 9 2985
14 4 3193
7 2 2767
39 10 735
39 10 2735
36 9 1136
20 5 1484
32 8 2677
29 7 1607
31 7 2449
27 6 849
49 10 2096
35 7 1603
41 8 1283
22 4 2437
39 7 1810
39 7 1138
56 10 3059
34 6 932
40 7 1762
40 7 1136
59 10 1747
18 3 2024
60 10 837
37 6 1328
68 10 1041
28 4 2577
65 9 2404
22 3 3273
79 10 1825
40 5 1495
82 10 1292
58 7 1978
51 6 1931
86 10 2676
88 10 3286
66 7 1848
85 9 651
61 6 1235
82 8 1107
94 9 1266
95 9 2672
11 1 1253
57 5 2556
60 5 1541
76 6 3240
91 7 933
53 4 2131
57 4 841
60 4 3074
85 5 3265
36 2 2686
73 4 664
60 3 834
61 3 855
43 2 2488
23 1 865
93 4 1136
98 4 574
77 3 2476
77 3 534
81 3 954
88 3 2120
32 1 1529
32 1 2693
71 2 3163
36 1 721
74 2 3238
40 1 2976
83 2 778
84 2 1470
89 2 2670
89 2 1447
93 2 862
95 2 922
66 1 2480
69 1 1865
75 1 1623
77 1 3335
97 1 1107
97 1 818
