1 10 3979
1 9 6434
3 9 5658
3 8 6372
2 5 4865
3 4 5125
4 5 2236
6 6 3686
6 6 3452
9 7 4959
7 5 2436
12 8 1578
15 10 5584
19 10 4161
12 6 3083
24 10 4016
22 8 4449
27 9 3928
13 4 2879
33 10 5709
35 10 2413
35 9 4050
39 10 2136
28 7 5243
16 4 1602
38 9 3839
30 6 6182
27 5 4357
27 5 2398
27 5 1564
44 8 5899
34 6 2765
52 9 2853
35 6 2817
37 6 1929
60 9 3980
27 4 5541
42 6 3785
14 2 2722
64 9 4421
56 7 4087
80 10 6314
16 2 4108
72 9 4907
78 9 6209
53 6 3431
89 10 4564
91 10 3406
46 5 3011
28 3 3825
86 9 3641
97 10 3607
40 4 2639
54 5 1958
95 8 4248
60 5 5196
48 4 3070
96 8 5448
74 6 3255
26 2 3015
78 6 3975
53 4 4559
93 7 6231
94 7 3770
54 4 4299
84 6 4343
56 4 2283
57 4 2359
86 6 1999
29 2 5343
89 6 2110
75 5 1685
46 3 3602
31 2 2608
31 2 3924
47 3 4014
63 4 5634
68 4 1879
70 4 5415
18 1 1792
97 5 3539
20 1 5536
45 2 6424
46 2 3036
93 4 1863
100 4 4588
76 3 5245
81 3 3109
55 2 4139
86 3 3255
92 3 3886
94 3 1999
100 3 4179
80 2 2147
83 2 1849
100 2 2196
61 1 2630
62 1 5024
75 1 6090
75 1 4885
