1 9 2782
6 10 2692
3 5 2731
6 10 2742
4 5 3003
9 6 3472
17 9 3302
12 6 3609
11 5 2792
15 6 2978
24 9 3434
22 7 3310
35 9 3344
28 7 3047
20 5 2659
37 9 3339
13 3 2905
18 4 2809
27 6 3415
39 8 3117
15 3 2888
50 10 2640
54 10 2960
28 5 2972
57 9 3614
45 7 2791
26 4 2977
66 10 2862
35 5 2872
57 8 3441
57 8 3247
65 9 3019
65 9 3376
66 9 3183
44 6 3094
67 9 3331
60 8 2784
24 3 2616
8 1 2790
17 2 3227
85 10 3634
61 7 3008
35 4 3375
44 5 3605
89 10 3424
27 3 3395
66 7 3123
19 2 2799
86 9 3030
58 6 3550
78 8 3525
49 5 3224
59 6 3322
99 10 3553
91 9 3586
82 8 3237
52 5 2690
85 8 2747
64 6 2642
64 6 3389
86 8 2708
68 6 3640
92 8 3522
49 4 2720
49 4 3493
74 6 3081
25 2 3402
66 5 3028
14 1 2997
14 1 2662
87 6 3450
76 5 3474
96 6 3328
66 4 3571
68 4 3080
69 4 2782
96 5 3185
61 3 3193
82 4 3254
43 2 3034
67 3 3118
46 2 3632
71 3 2779
72 3 3483
76 3 2762
77 3 2637
78 3 3313
58 2 3427
90 3 2803
94 3 2694
64 2 3356
32 1 2956
65 2 2716
34 1 2718
40 1 3211
89 2 2671
91 2 3280
92 2 3260
77 1 2973
81 1 2678
