1 9 4842
2 5 2777
3 7 4658
5 9 2934
6 8 2947
3 3 4828
11 8 2812
6 4 4770
11 7 3530
12 6 5591
23 10 3378
11 4 4164
28 10 5323
29 10 3969
12 4 4798
12 4 3350
24 7 3614
37 10 4775
28 7 3462
20 5 5202
43 9 4432
47 9 5051
48 9 3746
43 8 4570
49 9 5151
34 6 3913
52 9 2874
41 7 5323
59 10 2798
59 10 3772
49 8 2619
63 10 4019
63 10 5221
20 3 3111
40 6 2990
55 8 5601
49 7 3421
28 4 2944
43 6 2924
36 5 4486
73 10 3321
66 8 3332
67 8 3759
85 10 4030
55 6 3239
83 9 4525
67 7 5756
96 10 3065
77 8 3308
29 3 4621
40 4 5717
30 3 4193
91 9 5381
53 5 4214
66 6 2978
66 6 3873
23 2 4026
94 8 3113
84 7 3838
48 4 4564
74 6 4570
99 8 3135
75 6 4505
94 7 3576
54 4 4125
58 4 2723
92 6 4201
64 4 4070
83 5 3910
86 5 3698
52 3 3330
36 2 3688
75 4 2672
76 4 5189
57 3 3739
40 2 2757
62 3 3336
44 2 5211
44 2 4953
68 3 4655
92 4 4210
93 4 5426
97 4 3198
50 2 3998
28 1 2959
88 3 5330
30 1 4903
93 3 5446
73 2 2731
38 1 4556
41 1 4835
84 2 3335
43 1 5753
86 2 5147
86 2 4678
92 2 5277
93 2 4061
49 1 3597
69 1 5007
81 1 5191
