1 8 0
2 9 0
2 8 1515
3 8 0
6 10 0
3 4 0
7 9 0
13 8 0
12 7 1424
7 4 0
7 4 0
2 1 196
11 5 0
16 6 0
20 7 0
24 8 0
12 4 1596
28 8 0
28 8 0
37 10 0
39 9 10
22 5 0
40 9 0
40 9 0
49 10 0
35 7 0
53 10 0
29 5 1582
55 9 26
19 3 0
45 7 0
20 3 958
47 7 0
54 8 1530
70 10 0
42 6 1908
14 2 0
63 9 1594
36 5 960
22 3 1420
53 7 0
70 9 1002
78 10 343
79 10 357
79 10 0
64 8 0
24 3 528
82 10 369
66 8 826
75 9 0
50 6 0
75 9 0
84 10 1917
85 10 1282
68 8 435
35 4 1714
44 5 1324
88 10 518
80 9 0
89 10 663
9 1 0
54 6 0
86 9 0
62 6 0
32 3 0
96 9 0
33 3 1065
44 4 404
11 1 1660
33 3 304
88 8 0
24 2 0
60 5 0
61 5 1868
51 4 1191
65 5 1876
14 1 0
77 5 0
77 5 978
77 5 0
67 4 0
34 2 288
34 2 1857
69 4 0
89 5 0
97 5 0
21 1 0
84 4 0
50 2 1426
30 1 0
97 3 0
99 3 1172
80 2 377
48 1 907
53 1 7
67 1 0
75 1 0
84 1 0
93 1 731
100 1 539
