1 9 2660
5 9 3681
6 10 3844
6 7 2061
2 2 1451
10 9 1444
9 8 1885
5 4 3199
16 10 4429
15 9 3850
17 10 2933
14 8 3180
19 9 2030
19 8 3380
20 8 2885
11 4 4612
26 9 2409
18 6 3961
27 9 1250
16 5 3823
26 7 2924
40 10 4256
37 9 3040
37 9 4581
43 10 4499
22 5 3660
40 9 4797
38 8 1663
43 9 4597
15 3 997
46 9 4778
46 9 2249
26 5 3749
22 4 3875
56 10 2483
57 10 2732
46 8 4296
46 8 2251
54 9 1625
48 8 2019
49 8 4826
31 5 1067
45 7 4045
55 8 1863
50 7 1809
36 5 4201
72 10 2141
73 10 4716
53 7 2279
61 8 4121
54 7 1913
63 8 3951
64 8 3173
42 5 3155
34 4 2919
51 6 3991
83 9 1863
66 7 4810
96 10 2131
29 3 2400
30 3 2376
10 1 3298
51 5 4594
52 5 4866
21 2 2716
43 4 2634
43 4 2106
78 7 4200
80 7 4013
81 7 3185
48 4 2494
62 5 2947
87 7 4232
87 7 4023
77 6 3670
52 4 2286
91 7 2809
55 4 3288
47 3 1228
97 6 1647
82 5 2019
92 5 2573
92 5 2751
83 4 2459
65 3 4370
93 4 4894
55 2 3918
86 3 2423
29 1 3649
93 3 3756
97 3 1448
99 3 4207
87 2 3934
89 2 2355
93 2 4725
98 2 1590
51 1 1065
54 1 4561
58 1 4572
83 1 3061
