2 4 2378
5 7 1741
6 8 1439
6 6 2533
10 9 1438
10 9 2366
17 10 3262
19 10 2432
14 7 529
23 10 3101
11 4 1544
25 9 3297
25 9 3062
14 5 1417
31 10 2763
25 8 1970
10 3 1763
27 8 1615
46 10 2724
28 6 2070
34 7 3225
30 6 1154
36 7 2298
31 6 1972
33 6 1026
43 7 2533
62 10 2036
25 4 3073
63 10 3253
46 7 2617
40 6 3040
20 3 1920
40 6 1894
49 7 2716
71 10 3010
64 9 1018
74 10 2434
76 10 1315
24 3 2949
64 8 865
25 3 2191
17 2 3299
60 7 1061
43 5 646
78 9 2648
71 8 2841
18 2 2613
74 8 1468
28 3 2607
82 8 1525
21 2 3104
88 8 3093
56 5 1926
57 5 3421
71 6 1919
24 2 970
51 4 3265
26 2 2898
67 5 1216
67 5 2172
70 5 3302
79 5 656
49 3 1751
88 5 888
71 4 902
89 5 3205
90 5 2417
74 4 2168
19 1 1174
40 2 2749
80 4 3162
62 3 2365
83 4 2841
42 2 827
85 4 2280
91 4 1204
91 4 2048
23 1 3285
24 1 2816
26 1 1077
57 2 692
90 3 2459
32 1 2208
100 3 2109
76 2 1041
39 1 495
40 1 2970
45 1 2960
93 2 2560
93 2 1577
53 1 1190
54 1 2814
61 1 1261
62 1 2018
63 1 2165
68 1 545
80 1 3047
81 1 1510
82 1 2764
83 1 3056
