4 7 0
6 10 0
2 3 346
12 8 0
10 6 0
7 4 0
11 6 0
17 9 244
14 7 0
6 3 138
22 10 0
11 5 0
20 7 100
19 6 0
16 5 176
26 8 0
34 10 724
29 8 0
11 3 0
33 9 0
26 7 0
34 9 695
38 10 734
33 8 174
30 7 0
14 3 838
28 6 0
39 8 237
11 2 0
17 3 0
29 5 233
35 6 521
54 9 227
48 8 0
61 10 0
56 9 912
26 4 0
59 9 425
33 5 935
53 8 670
20 3 806
68 10 0
70 10 565
22 3 0
68 9 163
24 3 879
67 8 0
77 9 0
71 8 0
80 9 0
55 6 410
65 7 968
56 6 165
67 7 0
48 5 0
78 8 0
50 5 437
50 5 628
51 5 228
51 5 0
51 5 149
31 3 540
76 7 600
77 7 0
91 8 612
69 6 0
92 8 220
71 6 190
77 6 0
52 4 293
93 7 0
67 5 716
14 1 0
72 5 657
61 4 729
63 4 0
97 6 0
82 5 894
35 2 462
19 1 0
49 2 0
76 3 199
81 3 128
86 3 0
60 2 247
60 2 0
93 3 51
75 2 529
38 1 0
39 1 0
81 2 300
42 1 0
86 2 403
87 2 0
88 2 426
89 2 0
52 1 0
55 1 0
86 1 794
89 1 752
