2 3 4243
12 8 3678
14 7 3643
22 10 5089
19 7 5193
20 7 4692
29 10 4759
18 6 4115
28 9 4844
32 10 4507
20 6 5031
29 8 4322
34 9 4773
35 9 4220
8 2 5624
40 10 4807
41 10 4637
39 9 3776
39 9 4376
18 4 5585
47 10 3899
48 10 5443
10 2 3917
10 2 3947
47 9 3526
44 8 4691
59 10 5244
61 10 5230
57 9 5381
52 8 4579
40 6 5519
48 7 5433
49 7 3555
49 7 4440
66 9 3908
24 3 5337
74 9 4146
74 9 3430
42 5 4220
44 5 5414
81 9 4898
91 10 5233
46 5 4145
66 7 5546
58 6 4826
29 3 5392
87 9 5123
68 7 4819
50 5 4515
90 9 5124
41 4 4813
83 8 5209
32 3 3392
88 8 3439
91 8 5271
48 4 5446
84 7 4656
73 6 4738
98 8 5641
62 5 4249
25 2 4808
50 4 5512
77 6 4137
91 7 4129
53 4 4116
53 4 4897
67 5 5186
72 5 5425
87 6 4781
78 5 4569
47 3 5333
79 5 5112
100 6 4848
34 2 3814
54 3 4386
93 5 4272
77 4 4972
98 5 4009
59 3 4701
79 4 3949
85 4 4053
44 2 4136
68 3 4990
91 4 3872
96 4 4811
50 2 3748
76 3 5039
79 3 3685
82 3 5580
66 2 4340
70 2 4843
79 2 4620
90 2 4134
50 1 4278
59 1 4741
59 1 4378
62 1 4479
78 1 4888
83 1 4495
92 1 4710
