3 10 0
4 10 328
5 10 0
2 4 56
4 7 7
6 8 358
7 9 0
3 3 282
10 8 394
13 9 438
9 6 0
9 5 0
4 2 0
8 4 0
19 9 381
19 8 151
25 9 0
3 1 0
12 4 351
6 2 112
9 3 0
3 1 167
30 9 0
21 6 0
29 8 297
31 8 0
31 7 270
40 9 0
42 9 406
38 8 0
29 6 249
34 7 17
39 8 0
42 8 2
55 10 0
28 5 0
52 9 0
63 10 197
57 9 0
64 10 0
45 7 358
46 7 12
72 10 187
29 4 281
61 8 249
54 7 52
31 4 137
80 10 0
16 2 0
40 5 0
82 10 9
25 3 0
34 4 17
52 6 317
90 10 30
74 8 39
48 5 268
58 6 177
88 9 303
80 8 217
60 6 135
51 5 0
99 9 0
44 4 0
35 3 0
37 3 0
57 4 0
72 5 49
73 5 16
15 1 165
30 2 205
46 3 13
46 3 355
31 2 0
79 5 0
34 2 270
36 2 0
36 2 177
39 2 206
80 4 204
86 4 0
93 4 0
97 4 385
51 2 381
79 3 0
90 3 302
61 2 134
62 2 259
37 1 0
41 1 14
46 1 193
93 2 4
52 1 0
60 1 380
64 1 92
75 1 0
83 1 0
88 1 156
91 1 251
94 1 0
