3 9 2747
3 7 2441
5 8 2630
2 3 3325
9 9 2342
12 10 2365
11 9 2283
14 10 3895
14 9 2872
11 7 4164
13 8 3555
6 3 2588
5 2 3239
25 10 3358
28 9 2533
33 10 3352
27 8 2305
35 10 3238
37 10 2879
19 5 3678
37 9 3179
17 4 3909
18 4 3378
18 4 3998
30 6 3883
44 8 4165
50 9 2945
34 6 2295
46 8 3159
42 7 2736
19 3 2305
19 3 3465
34 5 3580
68 10 3784
62 9 3614
69 10 3115
14 2 2181
64 9 3225
72 10 2958
52 7 3771
68 9 3395
23 3 2919
69 9 3663
31 4 2982
40 5 3385
64 8 2434
42 5 3488
70 8 3944
89 10 4019
45 5 3638
82 9 2625
82 9 2856
28 3 2405
47 5 3029
38 4 3888
29 3 3324
89 9 3953
89 9 2555
86 8 3984
11 1 3000
61 5 3831
100 8 3142
88 7 4113
38 3 4115
51 4 3279
92 7 2700
79 6 2369
99 7 3620
85 6 3111
74 5 4216
60 4 2876
73 4 4135
83 4 3968
64 3 3450
86 4 3740
67 3 3522
69 3 2839
70 3 3079
47 2 2216
74 3 3826
59 2 2239
62 2 3034
96 3 3385
99 3 3271
67 2 3398
80 2 3362
83 2 2822
84 2 3395
93 2 3698
59 1 4086
64 1 2269
70 1 2399
70 1 3947
75 1 2887
76 1 2251
81 1 3414
83 1 2558
84 1 2315
95 1 2351
99 1 2490
