1 8 3882
2 6 2787
2 4 4730
4 8 3216
2 4 4748
6 8 2759
9 9 4387
10 9 4946
11 9 3995
3 2 3461
11 7 3525
11 7 2644
10 6 4591
18 10 2931
20 10 4965
6 3 4068
23 10 4462
12 5 2304
23 9 2932
17 6 2312
3 1 4113
12 4 4607
22 7 2945
29 9 2409
17 5 3815
14 4 4124
25 7 4321
36 10 3656
8 2 3085
37 8 3665
29 6 4228
31 6 4147
19 3 4648
51 8 3193
46 7 4879
41 6 3796
28 4 4563
50 7 3034
43 6 2496
59 8 3570
61 8 4942
54 7 3919
63 8 4360
63 8 4854
64 8 2449
24 3 2952
84 10 2936
86 10 4126
74 8 2378
74 8 2408
76 8 2998
49 5 4083
41 4 4110
94 9 4698
21 2 2833
42 4 4583
64 6 4019
97 9 3844
33 3 2524
67 6 4615
35 3 4544
12 1 3981
72 6 4276
73 6 3127
73 6 3526
87 7 4548
51 4 2562
52 4 3021
56 4 2872
48 3 2803
67 4 2601
86 5 3201
35 2 4282
84 4 3075
43 2 3277
66 3 4138
95 4 5001
24 1 3454
72 3 3530
24 1 4273
98 4 4213
26 1 4057
58 2 4839
60 2 3118
91 3 3878
31 1 2374
66 2 2591
68 2 2578
70 2 4590
72 2 2929
43 1 2876
92 2 3667
95 2 2809
49 1 2894
99 2 4606
56 1 4181
61 1 4002
67 1 2289
69 1 4009
93 1 4881
