1 8 0
4 6 494
7 9 0
6 7 2463
7 6 0
13 10 2200
10 6 0
4 2 0
15 7 0
19 7 228
22 8 0
17 6 492
26 9 0
9 3 0
27 9 0
25 8 2023
29 9 662
34 10 0
32 8 0
29 7 0
42 10 1737
14 3 0
49 10 1162
31 6 103
37 7 0
48 9 0
50 9 0
56 10 0
51 9 0
30 5 301
55 9 0
55 9 797
43 7 0
66 10 0
47 7 0
72 10 0
44 6 0
24 3 0
40 5 2500
57 7 0
49 6 0
66 8 250
83 10 0
84 10 1191
42 5 1498
60 7 0
87 10 0
70 8 2600
62 7 0
82 9 570
65 7 822
58 6 1920
68 7 0
39 4 0
20 2 2081
92 9 2280
84 8 1559
77 7 2104
66 6 1580
72 6 0
84 7 1614
63 5 1565
51 4 0
53 4 0
71 5 2243
58 4 0
75 5 2055
90 6 435
81 5 2550
83 5 2233
87 5 763
70 4 0
70 4 0
88 5 0
94 5 0
19 1 1708
38 2 1136
76 4 0
19 1 1051
78 4 0
79 4 0
61 3 1798
62 3 1280
42 2 0
85 4 7
44 2 0
44 2 0
85 3 1786
57 2 1041
87 3 0
63 2 0
73 2 1776
38 1 0
78 2 518
49 1 0
53 1 0
64 1 0
67 1 1885
74 1 1144
97 1 0
