3 10 0
2 4 0
4 8 3007
2 2 1600
8 8 2831
6 6 1051
11 10 487
10 8 2276
12 8 1135
3 2 0
6 4 2470
19 10 2239
19 10 1942
10 5 0
15 7 0
21 9 24
14 6 1814
19 8 2377
27 10 1136
28 10 1500
38 10 1646
27 7 2852
20 5 0
12 3 2482
37 9 338
33 8 3304
26 6 0
44 10 528
31 7 0
40 9 0
47 10 1810
45 9 1890
34 6 1710
12 2 0
37 6 3007
19 3 0
51 8 391
60 9 2972
42 6 0
21 3 3036
69 9 2033
39 5 0
73 9 823
62 7 828
72 8 1768
27 3 57
45 5 2865
47 5 1722
77 8 0
58 6 2653
69 7 947
20 2 2964
92 9 0
85 8 441
43 4 3192
11 1 0
78 7 3375
45 4 0
46 4 1219
58 5 0
74 6 878
74 6 0
99 8 295
38 3 0
38 3 721
90 7 0
80 6 835
27 2 71
57 4 3031
29 2 688
88 6 2198
97 6 1180
70 4 9
93 5 2725
97 5 852
97 5 0
43 2 1869
22 1 530
73 3 1706
53 2 2370
83 3 0
86 3 1134
90 3 3015
90 3 0
91 3 0
63 2 0
65 2 0
36 1 0
73 2 1579
74 2 0
83 2 2296
84 2 2283
43 1 0
88 2 1290
100 2 0
63 1 829
72 1 3288
77 1 0
82 1 211
95 1 1198
