2 7 6367
3 9 5116
1 2 5594
3 4 5462
6 8 5723
2 2 4993
12 10 4550
13 10 3992
15 9 4234
16 9 5270
21 9 3351
20 8 5033
25 9 4511
26 9 5169
3 1 2566
25 8 3613
26 8 6114
23 7 5905
24 7 5368
24 7 5243
21 6 6179
21 6 4849
35 9 2858
39 10 2683
43 10 4755
36 8 2664
24 5 3392
44 9 3946
20 4 3366
51 10 2837
21 4 5385
42 8 3181
44 8 2527
34 6 3639
51 9 3087
57 10 4485
62 10 5314
38 6 3002
51 8 5251
70 10 2728
51 7 5168
74 10 2576
76 10 2772
77 10 2869
54 7 6212
70 9 4114
64 8 4573
72 9 3017
70 8 6388
62 7 3444
80 9 5114
28 3 3318
68 7 2879
90 9 3019
84 8 5797
42 4 2915
65 6 2797
81 7 5809
71 6 6421
95 8 2402
72 6 2886
50 4 4982
25 2 5712
88 7 5720
78 6 6017
13 1 5913
93 7 4815
40 3 3860
95 7 5324
68 5 2484
82 6 5277
70 5 4755
87 6 4609
60 4 2315
80 5 5401
50 3 3756
85 5 4780
70 4 4540
94 5 5028
97 5 5484
97 5 3294
97 5 2644
39 2 2756
99 5 4376
40 2 4844
67 3 2477
93 4 3411
93 4 6262
94 4 3456
99 4 3171
27 1 3541
83 3 2290
99 3 2800
72 2 4019
76 2 5995
49 1 2640
59 1 2274
78 1 4461
80 1 5138
87 1 5467
