1 6 2244
5 9 2388
6 10 1675
5 6 2260
9 10 2040
13 10 2384
4 3 1826
11 7 2362
11 7 1880
15 9 2016
14 7 1587
4 2 1820
17 6 2427
20 7 1923
23 8 1903
30 10 1553
3 1 1710
16 5 2225
23 7 2286
24 7 2011
7 2 1778
17 4 1734
35 8 2117
40 9 1969
14 3 1568
14 3 1671
49 10 1548
50 10 1935
21 4 2289
42 8 1869
43 8 2408
28 5 1494
60 10 2440
63 10 2151
32 5 1836
27 4 2157
27 4 1929
31 4 1779
78 10 2381
56 7 1503
33 4 1582
75 9 1629
51 6 2238
52 6 1704
71 8 2219
80 9 1803
90 10 1875
27 3 1565
82 9 1522
56 6 2199
94 10 1553
94 10 2310
10 1 1911
94 9 2366
95 9 2301
65 6 1555
89 8 1826
58 5 1648
70 6 1747
59 5 2198
36 3 1581
48 4 1810
72 6 1639
62 5 2413
91 7 1883
54 4 1660
28 2 1726
28 2 2329
85 6 2367
85 6 2466
29 2 2094
15 1 1576
75 5 2138
31 2 1585
95 6 1726
82 5 1815
51 3 1513
17 1 1889
86 5 2157
87 5 2011
72 4 2254
95 5 1591
96 5 1932
80 4 1878
81 4 2029
64 3 1630
87 4 2228
87 4 1576
23 1 2314
93 4 1751
97 4 2283
55 2 1568
86 3 2041
62 2 2225
62 2 1605
34 1 1822
44 1 2120
99 2 2152
74 1 1999
87 1 2167
