1 7 1490
1 6 4297
2 9 3060
1 4 1670
3 9 2290
5 8 1384
7 7 3072
2 2 2633
8 6 3740
4 3 2910
12 9 1044
15 10 2720
17 10 2526
9 5 2545
10 5 999
18 9 3578
14 6 1169
17 7 1638
20 8 2894
23 9 1916
21 8 1866
22 8 3529
14 5 3444
28 10 2411
9 3 2970
40 10 4068
32 8 2991
41 10 983
29 7 3361
25 6 2661
36 8 1025
28 6 3248
48 9 3099
29 5 4654
30 5 1511
19 3 4745
20 3 1838
41 6 3243
69 10 3496
63 9 1148
23 3 1478
54 7 1517
63 8 2217
16 2 2682
84 10 1949
59 7 1033
26 3 3283
70 8 3004
89 10 4551
90 10 4016
46 5 2328
93 10 1736
56 6 2242
96 10 1685
48 5 4625
60 6 2945
80 8 1060
42 4 4387
65 6 2094
22 2 3150
23 2 3872
59 5 4474
96 8 1994
49 4 2327
99 8 1544
25 2 1906
77 6 3395
90 7 1324
26 2 3717
88 6 1048
75 5 1814
75 5 1879
15 1 4090
45 3 2714
83 5 1538
54 3 1620
91 5 4273
56 3 1709
96 5 1665
99 5 4155
60 3 1328
80 4 2868
81 4 2073
82 4 4629
63 3 1315
67 3 4248
90 4 3966
68 3 2427
68 3 1691
80 3 3902
54 2 4223
54 2 2748
27 1 3046
85 3 2896
94 3 4387
77 2 3811
96 2 4274
57 1 2134
67 1 2578
95 1 2715
