1 10 3272
2 7 2515
3 7 2968
4 4 3184
6 6 3146
8 7 3270
11 9 3301
11 8 3259
9 6 3015
14 9 3213
5 3 3173
18 10 2680
15 7 3093
23 8 2975
26 9 2578
27 9 2632
3 1 3047
40 10 2662
40 10 2766
28 6 3366
14 3 3424
36 7 2951
49 9 2961
33 6 2618
58 10 2516
24 4 3473
38 6 3439
45 7 2717
53 8 3040
54 8 2635
14 2 3163
35 5 3286
52 7 2591
60 8 2566
80 10 2772
78 9 3303
88 10 3338
44 5 3004
54 6 3201
45 5 3145
73 8 2885
47 5 2724
79 8 2888
89 9 3047
20 2 3372
50 5 2594
20 2 3443
30 3 2533
52 5 3269
86 8 3261
97 9 3381
11 1 3207
44 4 2689
44 4 2818
90 8 3316
46 4 3232
35 3 3085
74 6 3055
37 3 3375
37 3 3049
50 4 2778
76 6 2806
80 6 3275
56 4 3392
14 1 2740
72 5 3217
72 5 3074
58 4 2824
75 5 3179
90 6 3443
79 5 2638
32 2 2997
33 2 2813
33 2 3239
99 6 3032
69 4 2682
89 5 2588
55 3 3273
93 5 3375
38 2 3080
78 4 3179
82 4 3138
22 1 2615
45 2 2813
93 4 3426
96 4 2910
98 4 2616
55 2 2660
84 3 3373
59 2 3214
91 3 3456
97 3 2493
37 1 2729
38 1 2999
79 2 2509
42 1 2582
95 2 2998
48 1 3241
100 2 2947
64 1 2495
