2 10 280
1 4 212
5 10 221
3 4 294
1 1 151
3 3 0
11 10 0
12 7 0
19 10 240
14 7 0
16 7 341
24 10 0
10 4 0
5 2 188
15 6 387
8 3 0
20 7 0
29 10 391
3 1 130
28 8 38
30 8 135
35 9 132
37 9 0
40 9 23
9 2 0
28 6 0
28 6 156
38 8 0
39 8 0
36 7 0
26 5 0
49 9 30
22 4 0
55 10 0
28 5 69
57 10 0
40 7 290
53 9 0
55 9 0
38 6 0
64 9 266
36 5 0
22 3 0
59 8 0
37 5 232
75 10 288
53 7 38
61 8 115
63 8 0
63 8 118
16 2 0
68 8 120
61 7 20
82 9 0
46 5 386
56 6 0
86 9 0
20 2 0
90 9 0
31 3 53
62 6 0
84 8 397
11 1 78
58 5 0
36 3 383
39 3 108
78 6 0
52 4 0
14 1 0
59 4 0
30 2 330
30 2 0
45 3 164
78 5 403
96 6 0
69 4 0
92 5 0
20 1 0
42 2 390
45 2 311
23 1 0
24 1 0
99 4 0
79 3 0
27 1 0
28 1 0
28 1 252
63 2 0
99 3 0
100 3 422
77 2 0
43 1 0
44 1 0
93 2 344
53 1 0
53 1 0
77 1 351
79 1 0
85 1 0
95 1 0
