2 9 3753
2 7 1473
1 3 1474
4 10 4925
4 8 1587
2 3 3015
8 10 1448
11 10 4893
6 5 1563
13 9 4988
6 4 4088
14 9 1922
5 3 2912
4 2 4639
8 4 1813
21 10 3853
18 8 615
23 10 3040
20 8 662
10 4 1558
23 8 2372
27 8 600
25 7 2185
32 8 866
33 8 2490
29 7 3909
25 6 3726
35 8 691
32 7 4455
37 8 1979
42 9 2286
49 10 4429
45 9 2828
30 6 5022
20 4 2798
52 10 3344
32 6 2156
27 5 1341
38 7 3285
56 10 3522
57 10 4996
61 10 858
55 9 4467
63 10 2385
57 9 2134
32 5 3803
67 10 1795
41 6 1938
75 10 2648
30 4 1002
54 7 1932
62 8 1018
16 2 4101
48 6 4555
40 5 1422
80 9 3702
72 8 3111
29 3 4698
49 5 493
20 2 4639
60 6 4628
92 9 2288
72 7 2957
85 8 3956
96 9 2372
88 8 1619
80 7 3250
82 7 1253
36 3 1472
87 7 842
100 8 2110
88 7 3973
89 7 1346
93 7 4454
80 6 1081
27 2 774
55 4 4250
83 6 3531
92 6 906
34 2 4152
85 5 1653
91 5 4646
38 2 4958
95 5 4156
77 4 5053
20 1 4558
43 2 3602
66 3 1899
93 4 4907
100 4 3142
32 1 909
65 2 3605
99 3 1708
77 2 2434
84 2 2488
100 2 3783
63 1 579
73 1 695
78 1 3209
91 1 2065
