3 4 0
3 4 2083
8 10 1584
8 10 1241
6 7 0
3 3 2031
9 9 1036
10 7 0
12 7 0
20 8 0
13 5 0
22 8 0
15 5 1998
18 6 0
26 8 1228
26 8 0
10 3 0
33 9 199
26 7 2062
19 5 0
39 10 0
9 2 691
18 4 0
28 6 2206
29 6 0
29 6 0
15 3 0
31 6 0
44 8 787
29 5 206
63 9 1185
22 3 384
59 8 773
74 10 0
74 10 1764
68 9 0
23 3 410
54 7 0
72 9 0
8 1 1283
42 5 2267
42 5 1538
70 8 0
35 4 1455
55 6 2321
46 5 0
84 9 0
86 9 0
79 8 391
100 10 2137
91 9 0
21 2 1280
11 1 0
11 1 1950
34 3 1721
80 7 1520
80 7 0
23 2 0
58 5 2019
93 8 1884
24 2 1155
24 2 880
36 3 0
87 7 50
88 7 2014
78 6 2313
39 3 1228
39 3 1706
93 7 0
80 6 0
55 4 467
69 5 2354
57 4 2064
60 4 0
45 3 0
76 5 0
32 2 1353
54 3 484
39 2 2127
82 4 0
84 4 0
85 4 1241
44 2 1040
96 4 2408
73 3 0
59 2 2269
61 2 0
97 3 344
100 3 1690
100 3 0
70 2 0
74 2 0
75 2 1256
43 1 0
47 1 0
48 1 0
49 1 0
78 1 2406
81 1 0
100 1 798
