1 8 1705
4 7 2435
6 9 2639
7 10 1696
4 5 2327
6 7 2277
9 9 1776
13 10 2271
14 10 1856
16 9 1676
10 5 2459
16 8 2280
10 5 1859
20 9 2396
14 5 2042
12 4 2650
33 10 1672
37 10 1997
32 8 2057
12 3 2595
42 10 2330
39 9 1944
32 7 1865
38 8 2514
48 10 1715
11 2 2272
62 10 1849
25 4 1675
51 8 2130
64 10 1768
66 10 2503
67 10 1800
47 7 2334
34 5 1914
63 9 1670
7 1 2253
66 9 2563
37 5 1848
75 10 1676
63 8 1945
48 6 1781
74 9 2357
58 7 2342
27 3 2101
82 9 2349
94 10 2439
85 9 2381
68 7 2209
59 6 2382
99 10 1993
80 8 2402
91 9 1873
31 3 1719
43 4 2686
54 5 2586
65 6 1626
87 8 2489
55 5 1685
77 7 2123
100 9 2423
45 4 2357
34 3 2506
71 6 2334
83 7 2056
60 5 1719
61 5 1739
39 3 1712
79 6 2516
40 3 2077
80 6 1979
98 7 1755
28 2 1929
86 6 2072
59 4 2668
76 5 2534
95 6 1685
96 6 2429
72 4 2187
77 4 2000
67 3 2011
45 2 2322
91 4 1898
73 3 1627
74 3 2081
51 2 2680
83 3 2252
58 2 2057
94 3 1892
33 1 1724
69 2 2005
41 1 2690
42 1 1692
94 2 1877
100 2 2091
73 1 1849
79 1 1882
83 1 2318
86 1 2273
92 1 1986
94 1 1690
