1 8 0
3 10 0
5 8 384
7 7 492
9 8 595
16 10 0
13 7 0
17 9 1137
4 2 6
20 9 0
23 10 0
10 4 0
13 5 869
27 10 1032
27 10 0
14 5 0
23 8 851
30 10 1252
30 10 0
18 6 1316
31 10 0
31 10 108
19 6 127
16 5 0
16 5 0
26 8 29
35 10 195
25 7 0
34 9 0
38 10 0
28 7 1037
20 5 0
17 4 1069
31 7 0
5 1 681
16 3 450
55 10 0
55 10 881
30 5 0
24 4 996
48 8 130
31 5 0
20 3 0
42 6 0
29 4 1187
59 8 73
74 10 0
54 7 1293
62 8 0
55 7 0
56 7 0
65 8 0
47 5 0
94 10 0
85 9 381
19 2 0
59 6 628
10 1 782
80 8 0
51 5 0
51 5 687
74 7 977
32 3 0
75 7 0
76 7 534
98 9 107
99 9 0
23 2 1094
83 7 0
60 5 0
61 5 1334
90 7 819
40 3 0
67 5 717
29 2 888
74 5 1283
89 6 0
31 2 0
47 3 0
48 3 222
81 5 0
50 3 75
50 3 882
100 6 1093
93 5 422
93 5 0
56 3 0
76 4 583
39 2 0
50 2 93
52 2 197
88 3 0
89 3 0
64 2 1235
85 2 0
44 1 1308
90 2 606
59 1 0
77 1 0
79 1 0
