1 8 2662
1 3 5433
2 4 3534
6 10 5369
6 10 1304
1 1 1826
10 8 1064
10 8 5315
8 6 1627
14 8 4059
16 8 1130
14 7 5226
19 7 1716
12 4 1851
23 7 3394
17 5 4683
37 10 3121
34 9 1974
12 3 3982
40 10 5423
29 7 1080
42 10 5031
27 6 1865
18 4 878
14 3 535
15 3 2500
48 9 1353
32 6 3711
22 4 3370
22 4 4695
59 10 1471
60 10 2740
43 7 5341
26 4 4123
33 5 2853
66 10 1077
20 3 4593
55 8 3840
36 5 3084
72 10 3451
44 6 3660
39 5 4152
55 7 2299
16 2 1597
64 8 2763
50 6 2258
85 10 976
89 10 4074
36 4 4871
38 4 2744
19 2 745
19 2 4128
87 9 2404
49 5 669
80 8 2314
92 9 1097
31 3 2000
87 8 838
98 9 2390
91 8 2904
81 7 5163
59 5 2951
83 7 840
95 8 4234
78 6 3458
95 7 4593
78 5 3707
94 6 4601
63 4 4125
70 4 1369
38 2 5188
60 3 1983
83 4 982
21 1 3170
88 4 5062
91 4 2811
69 3 4122
73 3 4704
79 3 4917
27 1 5180
84 3 898
59 2 1802
61 2 5031
92 3 4484
94 3 5115
64 2 2450
69 2 5476
39 1 4244
84 2 2861
44 1 4907
90 2 5225
93 2 3542
47 1 4275
59 1 1755
73 1 1957
75 1 3896
84 1 4612
90 1 4095
97 1 3501
99 1 4061
