1 6 1940
1 5 2216
1 5 2318
3 9 2344
2 6 2250
2 3 1767
8 10 1752
10 9 2040
9 7 1734
7 5 2550
15 9 1874
12 7 1672
15 8 1832
24 10 2196
6 2 1768
16 5 2173
31 8 2564
36 9 1932
8 2 1909
17 4 2161
40 9 1728
43 9 2558
10 2 2473
30 6 2308
45 9 2499
47 9 2391
28 5 2446
36 6 2256
60 10 1992
62 10 1734
20 3 2603
61 9 2341
68 10 1705
41 6 1821
41 6 1974
55 8 1574
22 3 2484
44 6 2036
52 7 1880
68 9 2057
31 4 2258
31 4 2483
81 10 1620
65 8 2350
82 10 1732
59 7 2076
76 9 1683
43 5 2465
78 9 1756
78 9 2414
80 9 2007
90 10 2004
46 5 2241
19 2 2110
67 7 2555
98 10 2199
92 9 1723
73 7 2036
84 8 2517
87 8 1730
33 3 1770
44 4 2225
46 4 1871
59 5 2321
95 8 1810
36 3 1607
97 8 1791
76 6 2452
64 5 1822
90 7 1979
39 3 2527
65 5 2429
65 5 1785
79 6 1787
27 2 2576
97 7 2256
86 6 1909
88 6 2426
74 5 2255
86 5 2217
69 4 2390
69 4 1852
36 2 2283
73 4 1927
92 5 1867
93 5 1795
80 4 2209
100 5 1606
40 2 1715
65 3 2276
71 3 1774
100 4 2434
81 3 1942
29 1 2067
90 3 1703
92 3 2546
96 3 2581
35 1 2471
78 2 2025
50 1 1618
