1 5 649
1 5 92
3 10 2219
4 6 1293
4 4 1273
10 10 1324
11 10 1005
6 5 1165
3 2 0
15 10 1519
14 8 2359
9 5 773
21 9 2207
15 6 1935
8 3 413
28 10 360
24 8 35
16 5 0
13 4 1061
21 6 263
35 9 2258
39 10 1462
32 8 1094
40 10 782
37 9 1426
33 8 1648
34 8 627
35 8 1665
18 4 1664
18 4 0
23 5 1256
24 5 2095
39 8 1009
43 8 407
55 10 283
28 5 2062
41 7 81
62 10 1290
38 6 2447
55 8 0
7 1 2435
63 9 751
71 10 802
64 9 645
29 4 1652
67 8 1917
68 8 0
52 6 193
88 10 2273
44 5 1726
44 5 182
71 8 1388
89 10 203
36 4 2118
48 5 1531
29 3 1770
79 8 498
71 7 0
73 7 1445
42 4 284
98 9 514
33 3 0
100 9 1368
100 9 884
78 7 116
90 8 386
68 6 1561
91 8 744
80 7 322
95 8 240
48 4 1459
61 5 266
37 3 957
78 6 0
92 7 1695
67 5 1994
56 4 1531
43 3 779
76 5 1243
64 4 1035
83 5 1835
85 5 249
18 1 330
56 3 158
97 5 371
44 2 1407
46 2 919
98 4 110
25 1 0
57 2 988
100 3 208
34 1 1731
70 2 189
71 2 1142
44 1 642
51 1 124
88 1 1900
91 1 1354
94 1 1838
97 1 705
