1 9 0
1 5 911
3 10 978
3 5 2012
5 6 0
4 4 0
8 6 564
10 7 0
11 7 1824
16 10 0
12 7 0
12 6 135
12 6 177
8 4 1816
9 4 0
8 3 1261
11 4 0
26 9 0
3 1 0
28 8 0
32 9 147
26 6 0
44 10 0
40 9 0
27 6 0
45 9 358
5 1 1382
16 3 1592
49 9 1396
55 10 487
39 7 0
56 10 182
42 7 0
55 9 864
49 8 0
25 4 0
63 10 0
14 2 311
49 7 1688
51 7 0
67 9 0
75 10 0
53 7 0
76 10 0
38 5 701
40 5 0
84 10 0
69 8 0
52 6 0
80 9 183
83 9 0
86 9 0
88 9 1223
20 2 1272
20 2 0
30 3 1646
61 6 1787
92 9 1878
82 8 1551
73 7 673
87 8 0
22 2 0
90 8 1228
91 8 1794
92 8 323
92 8 0
12 1 279
60 5 0
72 6 194
72 6 0
100 8 0
76 6 0
76 6 0
80 6 457
40 3 0
88 6 0
45 3 1464
31 2 1312
32 2 1315
99 6 0
87 5 1371
36 2 1178
93 5 0
21 1 0
49 2 0
74 3 869
99 4 72
26 1 0
80 3 0
82 3 0
56 2 1609
30 1 0
92 3 0
62 2 1869
100 3 0
76 2 0
93 1 0
94 1 0
96 1 599
96 1 0
