1 6 6374
9 10 2902
4 4 2796
8 5 5229
5 3 1580
7 4 4994
9 5 4596
13 7 4483
16 8 6181
28 10 5003
21 6 4498
28 8 5269
32 9 4458
25 7 6406
22 6 2081
37 10 3719
16 4 5578
8 2 6493
31 7 4527
45 10 5069
14 3 4945
40 8 5132
46 9 4141
41 8 6280
21 4 3526
37 7 1953
49 9 2169
22 4 2792
55 10 4838
24 4 4122
19 3 5047
53 8 6556
61 9 2361
34 5 4770
59 8 5205
45 6 2041
62 8 4355
74 9 4423
66 8 5549
83 10 4485
78 9 3256
79 9 3694
63 7 5481
64 7 5866
55 6 6312
93 10 2270
56 6 1884
84 9 5117
85 9 2238
38 4 2304
77 8 4459
77 8 2978
97 10 4339
88 9 5327
49 5 3760
80 8 1587
83 8 6674
52 5 3694
63 6 4129
53 5 5120
33 3 6396
81 7 2812
81 7 3001
35 3 2261
71 6 4754
84 7 4901
62 5 4028
25 2 3027
63 5 4761
51 4 3197
65 5 6474
56 4 6737
73 5 3989
76 5 4782
46 3 5363
78 5 3313
97 6 5362
83 5 2847
69 4 4611
52 3 2490
52 3 3316
70 4 3046
18 1 2650
57 3 1662
20 1 2891
40 2 4120
41 2 2590
47 2 5313
90 3 5829
91 3 2110
61 2 5670
65 2 4531
98 3 4461
70 2 6086
77 2 4670
44 1 3604
96 2 1937
60 1 4051
76 1 6605
82 1 4190
