1 10 4341
3 10 3962
5 10 3869
5 6 3672
14 8 5070
14 5 5476
18 6 5570
28 9 5029
16 5 3907
10 3 3798
24 7 5568
15 4 5315
27 7 5409
20 5 3689
28 7 3942
17 4 4366
48 10 3828
29 6 4150
39 8 5065
20 4 5169
42 8 4561
55 10 4607
39 7 4783
28 5 5423
40 7 4273
6 1 3463
61 10 3503
31 5 5038
56 9 5063
65 10 4241
46 7 4724
60 9 4830
49 7 4759
15 2 5049
61 8 3951
70 9 4091
39 5 4282
78 10 4842
64 8 3684
24 3 4796
81 10 3784
33 4 4774
79 9 3518
37 4 4424
94 10 4718
66 7 4588
96 10 5405
50 5 4071
80 8 4535
71 7 3755
83 8 3714
98 9 4560
98 9 4527
44 4 5242
81 7 4873
93 8 3834
88 7 5120
91 7 4978
67 5 5201
54 4 4992
96 7 3566
98 7 5343
70 5 5394
28 2 3979
14 1 4620
60 4 4361
75 5 4451
46 3 5207
95 6 5526
64 4 3641
83 5 3859
53 3 4709
89 5 4412
74 4 5640
83 4 4691
65 3 4431
95 4 4244
72 3 4542
49 2 4599
99 4 4073
75 3 4644
54 2 4163
86 3 4717
86 3 4475
59 2 4318
62 2 4331
67 2 5152
36 1 4541
80 2 5525
87 2 4353
90 2 3620
92 2 5486
47 1 3585
96 2 3445
98 2 3443
98 2 4822
99 2 5116
58 1 4910
71 1 3779
84 1 4980
