2 4 5673
6 9 5883
4 6 1957
4 5 2975
4 4 5270
7 7 5779
11 10 5048
9 8 5754
9 5 3490
15 8 1540
14 7 4870
10 5 3482
22 10 4184
24 10 5012
12 5 6148
20 8 4579
13 4 4980
38 10 2607
27 7 1574
38 9 3772
35 8 3625
40 9 4142
46 10 4446
46 10 4354
47 10 2840
47 10 6101
33 6 6571
45 8 2493
34 6 5974
24 4 4456
12 2 2163
61 10 2704
55 9 2919
57 9 5426
38 6 4131
26 4 6497
13 2 2333
46 7 3679
53 8 5611
68 10 6529
63 9 2954
49 7 5559
56 8 6467
71 10 4246
64 9 6151
22 3 5191
32 4 4265
33 4 4067
58 7 6127
67 8 4048
42 5 3607
85 10 5385
43 5 1874
63 7 6395
73 8 6350
74 8 3205
28 3 4446
95 10 5679
76 8 2921
70 7 1807
70 7 5422
95 9 2714
86 8 2198
99 9 5275
56 5 4019
94 8 5949
36 3 1553
97 8 5668
74 6 2090
25 2 5952
14 1 4695
71 5 1721
100 7 4582
29 2 5614
44 3 6470
74 5 5819
63 4 4909
95 6 3266
81 5 3405
91 5 5015
79 4 5481
68 3 3359
25 1 2298
76 3 5886
26 1 5686
95 3 4012
97 3 6333
65 2 4866
100 3 1884
67 2 2723
69 2 2553
75 2 2297
38 1 4260
89 2 4063
89 2 2149
46 1 3445
68 1 5398
69 1 2145
82 1 2328
83 1 4986
