1 10 540
1 2 491
4 5 990
7 8 1454
8 9 595
10 9 614
14 9 1403
12 7 992
8 4 542
20 10 1235
17 8 822
13 6 1176
11 5 1344
20 9 1263
23 10 991
23 10 816
7 3 792
15 6 756
18 7 572
8 3 802
24 9 1145
31 9 919
7 2 810
7 2 855
15 4 628
23 6 607
39 10 1441
8 2 1285
32 8 1001
19 4 1269
46 9 1111
52 10 1453
52 9 739
61 10 1340
43 7 521
56 9 696
53 8 504
47 7 1040
61 9 557
7 1 987
59 8 782
15 2 748
57 7 739
66 8 885
59 7 1311
51 6 1444
26 3 1397
61 7 586
35 4 1447
72 8 609
18 2 811
9 1 1101
64 7 521
65 7 638
84 9 613
47 5 1366
68 7 1353
88 9 789
79 8 953
20 2 897
81 8 730
93 9 948
63 6 951
95 9 655
95 9 992
55 5 1377
77 7 1067
97 8 698
86 7 780
91 7 1369
39 3 590
69 5 1165
43 3 1452
87 6 955
73 5 862
44 3 834
91 6 613
92 6 510
48 3 1246
48 3 544
80 5 1368
68 4 928
90 5 1127
54 3 520
91 5 1440
19 1 1158
60 3 865
62 3 1445
21 1 1177
66 3 1060
94 4 1115
72 3 521
96 4 1165
59 2 958
74 2 753
86 2 1360
88 2 634
81 1 1329
91 1 1216
96 1 722
