1 7 4018
1 7 2906
1 4 2628
3 3 4259
4 4 2649
11 10 2236
11 10 2932
11 10 5931
15 10 5806
15 8 4410
23 10 2146
5 2 4957
15 6 4312
27 9 4920
31 9 6142
26 7 4776
36 9 5652
40 10 2847
22 5 4458
27 6 3607
33 7 4538
10 2 2564
17 3 4161
59 10 2273
19 3 5746
19 3 3989
19 3 4020
61 9 6001
41 6 6144
49 7 3392
35 5 3208
61 8 2927
77 10 2217
31 4 4807
62 8 2757
55 7 6099
48 6 5700
80 10 2551
64 8 4369
73 9 2808
49 6 5905
75 9 2753
34 4 4486
86 10 2206
26 3 2189
71 8 3294
92 10 4577
66 7 5956
19 2 4519
86 9 2131
79 8 3686
81 8 2567
96 9 2428
75 7 2113
54 5 3260
33 3 2420
79 7 4645
79 7 6100
92 8 3643
59 5 3942
74 6 4077
25 2 4110
63 5 3263
52 4 5067
53 4 2505
67 5 2341
67 5 6129
54 4 3491
71 5 2546
43 3 5890
87 6 5707
15 1 6007
94 6 4830
88 5 2686
18 1 5758
54 3 4678
36 2 3586
80 4 2500
80 4 4520
60 3 5416
22 1 2565
68 3 4264
98 4 4504
50 2 4528
51 2 4599
51 2 3169
86 3 3356
97 3 5923
98 3 2650
69 2 6049
40 1 5672
86 2 5985
95 2 5452
96 2 6152
49 1 2603
51 1 3280
54 1 2389
63 1 3815
72 1 2415
88 1 4926
