3 10 670
2 6 861
6 9 531
3 4 588
9 9 3353
11 10 555
7 5 2457
6 4 3063
12 8 2544
14 9 868
9 5 744
6 3 1343
17 8 1881
15 7 917
17 7 707
21 8 1479
22 8 646
12 4 2703
15 5 3394
18 6 2166
19 6 771
30 9 1642
24 7 739
28 8 1846
22 6 1168
23 6 583
38 9 1323
32 7 1352
19 4 3064
43 8 869
44 8 950
11 2 3274
11 2 891
50 9 713
31 5 2724
52 8 3216
46 7 2694
47 7 1561
61 9 2951
62 9 1687
49 7 3138
70 10 1815
71 10 3161
75 10 2692
30 4 2338
46 6 1384
48 6 2333
83 10 2006
25 3 2976
17 2 2492
55 6 1690
92 10 833
46 5 2694
28 3 1349
87 9 573
99 10 533
90 9 606
62 6 2153
94 9 3401
63 6 746
43 4 972
54 5 1160
33 3 3189
34 3 1941
69 6 2491
35 3 2256
87 7 3122
51 4 597
26 2 696
65 5 1099
52 4 531
99 7 1786
100 7 1018
74 5 2915
90 6 2838
91 6 3371
47 3 1396
80 5 957
86 5 1973
69 4 2275
87 5 1331
90 5 549
76 4 2313
80 4 2520
81 4 1022
63 3 2709
69 3 2674
54 2 2411
28 1 1829
100 3 3204
35 1 2842
38 1 2633
91 2 511
92 2 687
54 1 2426
75 1 1390
75 1 2442
83 1 958
94 1 908
95 1 3010
