2 4 2894
3 6 4028
5 8 3836
5 6 1712
1 1 4406
7 7 2361
5 4 4963
4 3 2327
11 7 2391
17 8 2818
23 10 2024
19 7 3968
28 10 4489
20 7 4656
12 4 3141
9 3 4580
28 9 3340
28 9 2774
28 9 4385
40 10 2189
32 7 4321
48 10 2334
44 9 1989
49 10 4198
30 6 2784
48 9 1937
55 10 2806
50 9 2838
56 10 2725
35 6 1672
42 7 1762
61 10 2830
37 6 3202
51 8 1697
13 2 4978
20 3 2935
70 10 4463
76 10 2005
61 8 3852
47 6 4890
79 10 1704
40 5 3596
82 10 4298
83 10 3196
26 3 4496
82 9 4969
75 8 2724
90 9 2979
91 9 3307
52 5 4085
99 9 3611
80 7 2377
24 2 4815
84 7 3333
48 4 3286
87 7 2754
26 2 3455
92 7 4130
27 2 4635
70 5 3590
85 6 1786
87 6 4208
74 5 3071
75 5 2428
30 2 3608
91 6 2008
94 6 4042
95 6 2040
96 6 2910
97 6 4332
51 3 1895
51 3 2822
54 3 2308
75 4 2199
39 2 2544
99 5 4270
41 2 3583
63 3 3614
85 4 3457
89 4 4375
90 4 2396
79 3 2800
88 3 4814
91 3 3305
63 2 2108
32 1 4451
97 3 3515
65 2 3239
84 2 2780
86 2 2701
44 1 3618
89 2 2483
48 1 3017
98 2 2118
50 1 4320
69 1 4239
74 1 2904
76 1 2237
85 1 3691
100 1 4234
