2 10 1890
2 7 835
2 5 0
4 7 123
5 8 970
6 8 1239
5 6 1887
6 7 470
10 10 239
9 7 1464
8 6 631
9 6 444
14 9 1339
7 4 2119
20 10 586
21 9 2112
10 4 2076
25 10 1776
23 9 24
20 7 742
23 8 182
24 8 1824
18 5 36
26 7 857
26 7 999
23 6 2246
20 5 481
40 9 1443
32 7 442
48 10 2447
50 10 691
40 8 1420
40 8 574
40 8 1804
39 7 640
28 5 0
42 7 751
18 3 1823
49 8 1446
32 5 498
65 10 665
63 9 1289
57 8 2281
60 8 2006
75 10 1070
68 9 0
63 8 521
79 10 0
17 2 1859
27 3 607
9 1 395
85 9 841
68 7 277
82 8 1248
21 2 2035
63 6 980
21 2 829
87 8 2271
22 2 1376
100 9 1888
92 8 1120
93 8 1697
47 4 1502
95 8 2265
97 8 1780
98 8 1785
86 7 1303
100 8 303
64 5 52
73 5 2010
75 5 536
62 4 1773
63 4 0
16 1 291
100 6 168
50 3 1783
50 3 512
100 6 623
84 5 0
96 5 2479
97 5 719
61 3 0
83 4 374
22 1 0
70 3 2113
95 4 167
96 4 431
78 3 1782
64 2 0
67 2 343
36 1 526
42 1 2043
85 2 2196
98 2 734
60 1 0
68 1 1809
68 1 818
75 1 174
92 1 481
100 1 590
