1 8 0
2 3 0
5 4 460
16 9 375
17 8 0
17 7 0
20 8 356
21 8 407
21 8 49
24 9 165
11 4 0
25 9 0
25 8 95
11 3 323
33 9 389
34 9 412
33 8 494
42 10 111
38 9 0
44 10 0
29 6 96
30 6 0
47 9 498
16 3 435
44 8 224
39 7 269
45 8 0
57 10 203
47 8 0
42 7 498
55 9 0
48 7 0
55 8 0
49 7 171
72 10 240
67 9 278
67 9 0
68 9 533
72 9 210
8 1 297
66 8 112
58 7 312
52 6 270
35 4 319
88 10 0
90 10 427
73 8 0
46 5 281
37 4 185
76 8 449
38 4 0
96 10 197
69 7 117
40 4 171
85 8 0
96 9 177
99 9 0
68 6 0
91 8 0
92 8 260
81 7 378
81 7 563
60 5 118
84 7 0
86 7 0
89 7 0
77 6 375
65 5 0
96 7 417
96 7 242
55 4 0
83 6 0
73 5 211
98 6 0
70 4 0
96 5 336
91 4 0
69 3 0
84 3 0
57 2 0
60 2 0
31 1 568
95 3 251
96 3 0
97 3 0
67 2 142
35 1 0
38 1 357
78 2 0
39 1 345
84 2 178
44 1 0
89 2 0
50 1 267
59 1 0
64 1 26
65 1 466
67 1 151
73 1 79
94 1 241
