4 10 66
3 6 755
5 8 1368
7 9 616
11 9 81
5 4 1172
14 10 648
13 9 1869
7 4 1446
12 6 129
10 5 642
16 8 1629
8 4 1268
21 10 975
24 10 1466
22 9 487
22 9 1073
5 2 837
20 7 623
26 8 1651
17 5 1685
11 3 832
39 10 1371
38 9 1049
22 5 1786
40 9 45
14 3 619
38 8 336
39 8 1583
51 10 439
36 7 125
21 4 1096
28 5 1728
45 8 1048
24 4 1431
58 9 1484
13 2 1244
33 5 1636
47 7 183
68 9 1762
53 7 1857
61 8 1608
72 9 1467
41 5 448
58 7 399
58 7 549
83 10 1412
63 7 101
72 8 439
76 8 148
77 8 1736
87 9 985
68 7 1304
89 9 1292
50 5 225
81 8 703
51 5 1654
62 6 360
83 8 1273
75 7 1202
67 6 874
46 4 1557
46 4 2000
94 8 1877
59 5 553
12 1 729
96 7 1621
29 2 1660
91 6 104
96 6 934
66 4 1139
18 1 911
72 4 1132
90 5 343
93 5 532
59 3 1846
40 2 294
62 3 1519
42 2 252
90 4 1903
74 3 1462
52 2 134
53 2 1584
81 3 1356
81 3 1779
57 2 573
86 3 1507
87 3 1167
99 3 627
85 2 1952
44 1 1414
89 2 568
91 2 699
93 2 1854
51 1 1007
66 1 702
68 1 478
74 1 819
85 1 1609
98 1 14
