1 4 1593
2 7 1015
5 9 1449
5 9 303
3 3 714
3 3 1999
11 10 168
7 6 949
5 4 1490
13 8 308
10 6 1207
17 10 151
24 10 682
15 6 574
29 10 1408
31 10 0
10 3 496
10 3 2165
26 7 1238
34 9 1685
4 1 1896
32 8 0
36 9 212
37 9 0
35 8 447
40 9 416
26 5 1887
49 9 1760
44 8 1860
22 4 0
53 9 1321
43 7 337
56 9 915
25 4 656
13 2 989
20 3 73
41 6 2213
59 8 1712
60 8 1935
30 4 0
30 4 314
31 4 1448
47 6 44
71 9 24
56 7 16
32 4 2086
24 3 914
60 7 800
88 10 734
37 4 0
19 2 1042
39 4 0
98 10 0
10 1 0
42 4 1367
32 3 1904
55 5 2038
44 4 297
79 7 181
71 6 134
78 6 2014
66 5 334
94 7 1335
83 6 645
98 7 715
65 4 1027
100 6 885
68 4 1750
17 1 0
69 4 2196
18 1 466
96 5 1132
100 5 0
43 2 2126
22 1 0
90 4 374
73 3 1822
75 3 649
52 2 1785
26 1 898
28 1 0
32 1 496
99 3 374
35 1 159
37 1 680
39 1 20
39 1 2245
82 2 2277
82 2 83
41 1 317
85 2 360
92 2 1979
98 2 2032
50 1 2003
100 2 450
54 1 1726
59 1 2100
70 1 1174
72 1 1241
95 1 1120
