9 7 1508
11 8 2548
14 10 723
9 6 2032
6 4 2809
13 8 2857
5 3 3056
5 3 1109
13 7 1149
16 8 1578
23 10 1888
16 6 792
26 9 2910
12 4 1708
9 3 1968
25 8 3144
23 7 1448
38 10 3315
19 5 3308
20 5 612
35 8 2727
41 9 3128
43 9 2714
48 10 1762
51 10 2758
50 9 2925
45 8 647
17 3 2517
57 10 1212
60 10 1759
42 7 2297
24 4 3039
56 9 1417
50 8 857
19 3 3092
33 5 1076
68 10 1448
62 9 3031
35 5 3517
42 6 2849
58 8 2015
77 10 2910
54 7 2899
31 4 1091
76 9 3102
77 9 1755
86 10 1224
69 8 3639
88 10 2462
56 6 886
67 7 2765
96 10 1694
97 10 710
49 5 1848
31 3 1873
83 8 2705
43 4 2366
99 9 2377
66 6 3251
67 6 2760
35 3 2736
59 5 3197
12 1 3653
74 6 3355
99 8 2492
90 7 3459
91 7 1616
79 6 3186
66 5 1978
69 5 2734
100 7 3041
90 6 3420
33 2 2911
50 3 964
17 1 1760
35 2 3568
94 5 2046
76 4 1811
77 4 1947
60 3 652
83 4 1525
65 3 3161
99 4 2227
50 2 2054
58 2 1250
90 3 1425
96 3 3441
96 3 1624
98 3 3693
67 2 1147
83 2 705
92 2 2011
52 1 834
53 1 3055
57 1 2348
61 1 3356
62 1 3114
79 1 2074
82 1 2209
94 1 1032
