1 8 432
2 10 0
3 6 321
3 5 156
6 9 0
8 8 61
6 6 0
5 5 308
10 9 240
6 5 0
12 10 0
13 10 0
14 10 99
7 5 0
15 10 0
11 6 0
6 3 0
22 10 21
16 7 427
7 3 0
21 9 0
26 9 170
29 10 0
24 8 0
30 10 0
26 8 0
7 2 298
30 8 0
35 8 0
18 4 218
9 2 200
32 7 342
19 4 257
39 8 0
50 10 0
26 5 455
47 9 0
38 7 393
55 10 0
24 4 0
56 9 388
13 2 0
48 7 0
62 9 91
69 10 176
75 10 127
69 9 0
62 8 394
71 9 55
65 8 0
83 10 12
34 4 0
52 6 0
88 10 0
81 9 0
9 1 27
84 9 0
19 2 0
58 6 0
60 6 0
41 4 0
31 3 0
52 5 218
99 9 467
56 5 427
69 6 0
72 6 391
88 7 161
91 7 236
27 2 12
83 6 0
99 7 0
71 5 163
46 3 95
93 6 262
79 5 287
54 3 245
39 2 436
92 4 0
23 1 428
71 3 340
51 2 0
88 3 380
98 3 0
99 3 406
66 2 194
75 2 214
79 2 141
40 1 353
86 2 331
88 2 0
48 1 13
96 2 0
50 1 108
51 1 0
53 1 124
70 1 0
71 1 431
82 1 0
86 1 0
