4 7 587
5 6 0
2 2 1059
9 7 0
15 8 1236
17 8 820
11 5 0
23 10 0
14 5 141
12 4 176
25 8 1479
26 8 0
13 4 1076
33 10 0
20 6 0
10 3 0
20 6 1459
21 6 0
17 4 0
17 4 0
41 9 0
24 5 1047
51 10 471
50 9 0
29 5 1
48 8 154
53 8 0
40 6 305
35 5 0
42 6 0
72 10 0
65 9 0
59 8 1229
46 6 0
47 6 1038
79 10 1555
24 3 0
16 2 0
65 8 727
84 10 1483
45 5 0
54 6 0
18 2 0
45 5 0
90 10 0
91 10 1374
37 4 364
56 6 1498
47 5 0
66 7 295
97 10 0
68 7 836
20 2 826
80 8 276
92 9 0
82 8 0
85 8 0
75 7 0
11 1 0
78 7 0
69 6 422
93 8 803
82 7 1071
24 2 1370
92 7 970
69 5 0
72 5 886
92 6 0
62 4 0
16 1 1108
66 4 711
67 4 0
52 3 0
72 4 0
73 4 0
19 1 382
100 5 0
44 2 0
68 3 0
46 2 0
94 4 0
52 2 0
52 2 0
82 3 1308
86 3 429
62 2 217
31 1 991
95 3 0
32 1 1091
65 2 0
100 3 240
38 1 0
85 2 0
43 1 0
94 2 0
95 2 0
95 2 612
97 2 0
71 1 0
99 1 568
