1 7 25
1 3 3521
5 6 564
7 8 0
7 6 458
11 8 736
10 7 3007
17 10 1281
13 7 2552
16 8 2820
21 9 89
17 7 803
18 7 3823
27 10 3136
20 7 4317
24 8 442
22 7 3497
23 7 0
30 8 4417
8 2 1101
28 7 3308
34 8 4014
35 8 2389
29 6 3416
53 10 3285
54 10 2258
22 4 2215
39 7 2277
18 3 1178
54 9 871
37 6 0
64 10 1013
45 7 1215
13 2 2392
33 5 443
62 9 1243
69 10 0
7 1 0
66 9 689
22 3 3380
75 10 327
76 10 1968
78 10 3831
80 10 2335
81 10 0
49 6 2528
41 5 1720
74 9 69
42 5 1697
52 6 2274
44 5 3193
90 10 1193
36 4 3548
46 5 256
77 8 457
51 5 1110
82 8 0
31 3 3543
42 4 0
92 8 3389
35 3 1548
12 1 1579
12 1 2930
90 7 127
90 7 3335
14 1 2721
70 5 1217
72 5 1064
30 2 378
61 4 0
77 5 1943
93 6 476
47 3 2029
79 5 3388
48 3 1426
80 5 2276
65 4 1094
49 3 3243
100 6 2917
52 3 2487
87 5 20
35 2 2347
89 5 3210
74 4 1314
98 5 1106
93 4 0
76 3 1377
77 3 759
80 3 1133
55 2 3715
88 3 1617
95 3 2029
64 2 0
98 3 2592
36 1 2047
99 2 1892
64 1 1115
65 1 1104
70 1 3134
74 1 4073
