3 10 0
5 10 0
3 6 1399
5 7 265
7 9 0
2 2 2275
11 10 1097
10 8 0
4 3 2659
14 10 0
14 9 60
13 8 1705
19 10 632
12 6 2227
4 2 3487
21 10 1229
20 9 1297
16 6 1697
20 7 0
30 9 1738
17 5 0
32 9 541
26 7 1163
28 7 0
33 8 2462
21 5 2703
39 9 0
22 5 0
14 3 266
38 8 0
45 9 2186
36 7 3068
26 5 0
16 3 2677
22 4 1571
11 2 0
17 3 0
41 7 0
24 4 872
36 6 863
60 9 2972
67 10 963
47 7 0
34 5 0
70 10 1893
73 10 1785
66 9 0
23 3 0
63 8 2708
64 8 3175
72 9 2538
76 9 0
51 6 429
77 9 2797
78 9 1461
9 1 394
65 7 1054
47 5 804
66 7 759
57 6 2224
96 10 0
75 7 526
87 8 0
33 3 1596
88 8 2773
100 9 0
73 6 0
49 4 0
74 6 0
99 8 0
65 5 240
93 7 0
93 7 705
94 7 0
81 6 3000
55 4 63
84 6 2608
87 6 1325
44 3 1664
90 6 2798
93 6 2268
97 6 2614
34 2 1791
56 3 716
46 2 0
70 3 0
53 2 2266
87 3 2525
88 3 3263
89 3 1113
70 2 48
77 2 79
85 2 2847
93 2 2239
98 2 135
59 1 3068
62 1 2664
65 1 1009
90 1 2893
96 1 0
