1 7 2353
1 5 2190
4 7 3711
3 5 3567
6 5 2109
12 9 2885
12 9 2611
13 7 3176
15 7 3374
18 8 2016
23 10 2508
25 10 2670
23 9 2456
17 6 2677
20 7 2818
30 10 2156
3 1 2046
33 9 2250
15 4 2547
34 9 2200
28 7 2924
12 3 3713
41 10 2828
25 6 3210
39 9 3460
46 10 2662
46 10 2225
33 7 2896
33 7 2737
47 9 3029
42 8 2220
29 5 2114
41 7 1995
59 10 2274
18 3 2877
36 6 3095
44 7 2503
19 3 2374
57 9 2580
64 10 3810
58 9 2101
58 9 3023
70 10 3712
35 5 3408
72 10 1913
59 8 2575
68 9 3496
61 8 3282
23 3 2643
78 10 2682
71 9 2064
48 6 2776
24 3 1992
44 5 3053
84 9 2842
95 10 2084
38 4 2938
58 6 3122
39 4 2761
100 10 2530
40 4 2068
82 8 2931
73 7 2106
75 7 2708
91 8 2451
37 3 3113
63 5 3363
39 3 2820
53 4 1914
67 5 3015
14 1 3063
48 3 2607
48 3 2919
33 2 3530
67 4 3098
53 3 3641
38 2 2190
38 2 2063
96 5 2929
82 4 2646
66 3 3247
69 3 3255
96 4 2026
57 2 2100
86 3 3653
87 3 3744
66 2 2364
68 2 3485
74 2 3804
77 2 1932
78 2 3337
39 1 3129
44 1 2078
90 2 2247
50 1 3304
57 1 3153
60 1 3443
60 1 3609
67 1 2734
88 1 3287
