2 9 3518
7 7 1424
3 3 1677
7 6 3509
7 6 2033
12 10 2364
5 4 4744
9 7 1583
15 10 3922
11 6 2577
6 3 3647
25 10 2064
25 10 3742
12 4 4226
27 9 4624
19 6 3219
33 10 2348
24 7 979
37 10 3988
27 7 1501
41 10 4196
46 10 4164
47 10 1674
19 4 1758
19 4 4604
29 6 1844
34 7 2476
49 10 899
35 7 4213
15 3 3015
15 3 715
27 5 2578
27 5 5101
38 7 1969
40 7 3043
53 9 993
49 8 4242
19 3 3959
66 10 2706
69 10 776
21 3 873
21 3 4438
43 6 2369
65 9 3793
58 8 4339
73 10 2462
74 10 1314
61 8 555
78 10 1498
55 7 4132
63 8 4563
50 6 3737
43 5 812
70 8 1485
92 10 1701
74 8 5364
19 2 3724
86 9 2807
67 7 1228
64 6 2875
86 8 3400
44 4 1669
90 8 4484
45 4 2592
92 8 4285
73 6 4487
47 3 2484
18 1 2853
90 5 4725
93 5 5451
81 4 1144
21 1 4102
85 4 877
86 4 4346
22 1 1869
22 1 3268
91 4 4630
69 3 4450
95 4 1279
98 4 680
100 4 3621
53 2 1699
59 2 2209
93 3 645
95 3 1707
99 3 3633
40 1 2842
44 1 2892
93 2 1221
96 2 5279
49 1 5029
99 2 4755
52 1 2440
58 1 2392
64 1 3438
70 1 5477
71 1 3102
81 1 2123
90 1 3151
97 1 2497
