2 9 3522
1 3 4689
6 9 3880
7 10 3157
5 5 3357
7 5 5285
13 9 5560
3 2 4419
8 5 3681
7 4 3734
11 6 4215
10 5 4500
16 7 3956
23 9 5584
3 1 3298
4 1 5452
41 10 5788
25 6 5145
39 9 4235
45 10 5455
36 8 5594
5 1 4187
10 2 5739
5 1 5332
31 6 3660
47 9 5672
48 9 5744
45 8 3979
29 5 3453
37 6 5347
39 6 4738
47 7 3600
41 6 3317
37 5 4088
52 7 5437
76 10 3701
23 3 3883
66 8 4473
83 10 4103
17 2 4148
34 4 4710
86 10 2774
71 8 5814
72 8 5018
81 9 5777
64 7 3334
94 10 2685
47 5 5567
66 7 3941
76 8 3675
67 7 4126
52 5 4233
42 4 2968
96 9 5056
67 6 3686
35 3 5176
60 5 5354
49 4 2810
100 8 4263
75 6 4961
77 6 4983
95 7 4123
82 6 3672
56 4 4146
57 4 5160
59 4 3283
15 1 3759
91 6 2921
31 2 3102
63 4 2945
49 3 5073
98 6 4344
84 5 2848
84 5 4918
86 5 3979
73 4 3603
75 4 5281
98 5 4763
41 2 2663
82 4 3901
84 4 3204
21 1 5482
43 2 2999
71 3 3744
98 4 2762
100 4 5369
29 1 3956
93 3 3978
96 3 4836
97 3 3986
99 3 5542
67 2 5227
71 2 4407
80 2 3197
90 2 3995
55 1 3550
67 1 2743
80 1 5146
87 1 3052
93 1 3605
