1 3 2113
2 4 0
8 7 1865
12 8 0
8 5 338
15 9 260
19 10 202
14 7 0
15 7 0
12 5 345
19 7 2016
17 6 1457
27 9 3166
12 4 2250
29 9 295
23 7 367
21 6 2930
25 7 26
36 10 1242
22 6 0
22 6 312
19 5 0
16 4 2613
43 10 0
40 9 100
19 4 1002
24 5 2236
34 7 1878
10 2 0
35 7 832
30 6 848
16 3 0
43 8 0
28 5 1256
17 3 1650
54 9 1133
51 8 0
58 9 555
56 8 1785
29 4 0
73 10 0
44 6 0
70 9 1925
48 6 2669
41 5 0
58 7 197
17 2 2534
87 10 0
18 2 0
74 8 0
74 8 1005
76 8 784
58 6 3238
58 6 1080
98 10 3485
69 7 1360
71 7 2516
83 8 1290
52 5 0
85 8 312
75 7 1529
75 7 0
54 5 781
44 4 1872
11 1 2038
56 5 355
83 7 0
36 3 91
49 4 0
65 5 0
54 4 768
74 5 1546
75 5 1648
80 5 893
48 3 0
49 3 0
98 6 575
99 6 1744
68 4 927
55 3 0
93 5 114
58 3 520
100 5 1368
62 3 0
66 3 0
92 4 0
77 3 96
59 2 1197
62 2 1869
65 2 3177
67 2 2250
75 2 3451
47 1 3077
99 2 1993
68 1 1540
72 1 3477
76 1 34
80 1 1466
97 1 1987
99 1 3487
