1 10 3480
1 8 4881
2 10 879
3 6 3481
4 7 1368
3 4 2247
9 10 3035
7 7 3657
10 10 2785
5 5 2430
10 9 1725
10 7 516
5 3 4081
7 4 3070
19 10 4340
2 1 3098
15 7 463
12 5 513
18 6 1180
18 6 1302
16 5 2550
30 9 853
31 9 1579
26 7 3689
39 10 3318
8 2 1092
41 10 4458
17 4 3409
17 4 991
30 7 1551
13 3 4746
45 9 4497
46 9 3163
33 6 3340
28 5 4965
46 8 1923
24 4 723
61 10 3364
59 9 4963
66 10 1538
34 5 3060
41 6 4403
63 9 3831
66 9 2826
45 6 3725
60 8 3113
68 9 4034
61 8 1322
46 6 1930
58 7 5045
42 5 924
76 9 523
17 2 2731
70 8 2860
82 9 612
67 7 4466
72 7 2945
53 5 3224
88 8 1244
34 3 1841
69 6 866
95 8 1589
36 3 662
84 7 2409
12 1 2606
37 3 1790
63 5 1569
38 3 4362
78 6 2606
79 6 2622
68 5 4401
94 6 626
48 3 2422
65 4 4376
33 2 4918
88 5 2183
37 2 3906
74 4 1334
87 4 572
87 4 3737
45 2 4184
90 4 3113
94 4 1217
71 3 2307
96 4 1314
73 3 571
25 1 716
25 1 3504
56 2 887
29 1 2290
31 1 891
34 1 1102
84 2 4522
94 2 4686
97 2 1977
98 2 2966
100 2 4468
50 1 4683
57 1 647
91 1 2772
