1 10 3762
1 7 2203
2 9 2682
3 9 2831
4 10 3438
3 7 2885
8 9 3845
4 3 3330
15 9 3808
5 3 2153
11 6 4137
16 8 4094
13 6 3799
11 5 2592
22 8 3907
23 8 4114
29 10 2418
12 4 3930
33 10 2286
31 9 3081
37 10 2426
35 9 3482
40 10 3079
40 9 2717
22 4 2533
45 8 2376
17 3 3056
35 6 3953
41 7 3382
18 3 4134
24 4 4009
44 7 2767
38 6 4123
39 6 3031
53 8 2536
27 4 2441
62 9 3057
30 4 3949
39 5 4154
81 10 2963
65 8 3697
77 9 2486
35 4 2946
44 5 3519
88 10 2293
82 9 3495
47 5 3273
87 9 4260
79 8 2642
72 7 2470
83 8 3469
42 4 2397
64 6 3934
77 7 3255
44 4 3844
56 5 2906
57 5 3848
93 8 2327
71 6 2194
83 7 2791
95 8 3519
25 2 3216
13 1 3524
96 7 3549
70 5 4132
58 4 2404
93 6 3845
63 4 2976
64 4 3572
98 6 3294
99 6 2703
86 5 3246
69 4 3230
35 2 2768
88 5 4113
92 5 2520
58 3 2551
58 3 2845
98 5 3817
81 4 2448
81 4 2358
44 2 4211
66 3 2465
45 2 2801
92 4 2175
94 4 3562
80 3 2413
59 2 3417
97 3 2395
76 2 3853
80 2 2616
82 2 4121
94 2 3395
96 2 3507
53 1 3922
54 1 2559
63 1 3642
86 1 3216
93 1 2365
99 1 4165
