6 10 3346
2 3 3139
5 7 3320
3 4 3058
9 9 3184
2 2 3178
2 2 3509
14 9 2855
18 7 2959
26 10 3502
24 9 3113
30 10 3158
26 8 2605
10 3 3154
30 9 3507
29 8 3266
42 10 3080
38 9 3085
30 7 3430
43 10 3506
43 10 2819
18 4 3131
28 6 3098
47 10 3444
33 7 3198
50 10 2633
5 1 3067
47 9 3529
43 8 3231
64 10 2680
65 10 3164
68 10 3372
48 7 2744
55 8 3154
71 10 2749
29 4 3127
52 7 3584
15 2 2879
75 10 2748
61 8 3164
23 3 2684
70 9 3524
8 1 3347
65 8 3320
66 8 2950
58 7 3043
50 6 3313
51 6 3409
17 2 3460
60 7 3484
78 9 2926
80 9 2939
18 2 2671
96 10 3022
98 10 3197
79 8 3153
72 7 3485
63 6 2591
85 8 2711
79 7 2807
92 8 3085
46 4 3038
94 8 3518
72 6 2676
24 2 2608
49 4 3298
49 4 2731
79 6 3497
57 4 2949
87 6 3416
44 3 2784
59 4 3380
30 2 2637
45 3 3210
60 4 2827
91 6 2660
97 6 3221
97 6 3538
98 6 2857
87 5 2862
54 3 2577
54 3 3298
95 5 3531
84 4 3227
66 3 3323
67 3 3188
68 3 2919
46 2 3551
70 3 3143
70 3 3486
74 3 3032
59 2 2592
75 2 3594
43 1 3315
43 1 3551
53 1 3366
56 1 3178
58 1 3596
60 1 2602
64 1 3326
