1 2 3040
4 7 2531
5 8 2131
7 9 2900
10 10 2475
8 7 3614
13 10 2416
13 8 2964
13 8 3774
11 5 2082
20 8 3152
27 10 2484
3 1 3922
16 5 4370
28 8 2294
25 7 3000
23 6 3936
20 5 2322
20 5 2665
42 10 3043
17 4 2446
39 9 3566
47 10 3449
15 3 3293
43 8 1583
27 5 3544
49 9 3072
45 8 3666
17 3 4494
35 6 1653
47 8 2040
24 4 2645
63 10 3178
40 6 2792
20 3 2918
61 9 2492
35 5 3939
21 3 2558
64 9 4419
58 8 3653
67 9 2456
75 10 4220
53 7 2497
23 3 1661
70 9 4391
80 10 3368
77 9 1601
71 8 1781
80 9 2297
63 7 3609
37 4 2949
93 10 2438
94 10 4568
39 4 4300
88 9 4328
51 5 4524
41 4 1988
72 7 3822
42 4 2135
42 4 2746
42 4 2798
85 8 1567
64 6 2240
100 9 2019
45 4 1703
48 4 3964
52 4 3210
53 4 1820
55 4 2158
69 5 2245
57 4 3630
86 6 3969
96 6 2894
64 4 4442
65 4 2130
65 4 3234
51 3 3312
70 4 4153
91 5 3426
93 5 2550
61 3 4215
24 1 3658
24 1 4365
74 3 2788
79 3 3385
81 3 3442
82 3 3964
56 2 3572
84 3 2490
63 2 4462
68 2 2886
83 2 3295
89 2 3092
49 1 2098
98 2 3636
65 1 3565
80 1 2490
85 1 4206
86 1 3407
86 1 2489
