1 6 807
4 9 2488
5 8 1985
10 9 1905
13 10 1756
6 4 2890
3 2 1823
14 9 4106
11 7 148
5 3 3149
10 6 2905
20 9 3619
23 10 3472
5 2 986
13 5 4627
17 5 388
25 7 3083
38 10 3958
25 6 1332
35 8 924
23 5 3893
44 9 3189
20 4 838
54 10 4027
38 7 2236
49 9 449
11 2 1797
55 10 3175
50 9 1729
50 9 138
39 7 1209
24 4 2461
26 4 1054
65 10 3757
60 9 4261
7 1 3181
63 9 1045
49 7 2381
50 7 2754
72 10 3452
52 7 2259
38 5 0
56 7 0
57 7 918
49 6 4330
76 9 0
94 10 1957
94 10 805
49 5 0
81 8 3979
63 6 4359
86 8 760
99 9 1586
33 3 1738
89 8 1056
35 3 2420
71 6 2003
83 7 4261
95 8 1597
72 6 4444
62 5 4158
63 5 1074
89 7 0
51 4 4438
78 6 2883
68 5 1410
41 3 4318
83 6 268
97 7 2889
98 7 4487
74 5 960
91 6 468
76 5 271
62 4 4097
94 6 0
49 3 1837
83 5 4235
95 5 1718
76 4 0
61 3 902
42 2 4250
88 4 3741
95 4 3348
54 2 1070
28 1 1183
57 2 1731
29 1 2262
31 1 3604
35 1 2997
74 2 0
39 1 2803
39 1 1011
85 2 0
52 1 2414
53 1 31
56 1 1245
71 1 722
84 1 4333
87 1 2485
91 1 1702
