2 4 3821
7 10 4069
7 7 4821
7 6 3673
9 7 3201
3 2 2932
13 8 3015
5 3 3380
4 2 1725
21 9 3857
19 8 3904
28 9 1805
16 5 4788
16 5 4837
35 10 2963
19 5 4621
36 9 4784
33 8 4399
17 4 4094
43 10 4276
13 3 1517
26 6 2546
45 10 1199
23 5 1699
14 3 1311
19 4 1381
39 8 2648
40 8 1457
45 9 2524
51 10 2111
41 8 4631
42 8 3076
37 7 2803
53 10 4382
16 3 3511
11 2 2201
45 8 3888
23 4 1868
58 10 2628
65 10 4557
34 5 2367
41 6 2272
70 10 4572
49 7 3537
35 5 1039
43 6 2923
58 8 2698
76 10 2645
62 8 1394
32 4 3805
72 9 2289
73 9 3832
74 9 3591
70 8 3591
45 5 1282
63 7 3200
63 7 1474
36 4 4470
95 10 4418
78 8 1903
78 8 2341
50 5 4465
71 7 1330
71 7 1320
41 4 1129
41 4 1733
55 5 983
82 7 2433
38 3 2628
80 6 3378
55 4 2252
98 7 1290
46 3 3123
78 5 1315
95 6 4441
16 1 1884
49 3 1605
52 3 4349
55 3 2959
58 3 1176
79 4 3662
81 4 3333
43 2 2424
89 4 1485
67 3 2620
26 1 1141
86 3 2284
69 2 3963
70 2 4353
78 2 4461
80 2 1744
89 2 3940
92 2 2762
47 1 4691
49 1 4315
66 1 1805
66 1 2067
74 1 2732
97 1 2947
100 1 1005
