2 7 2524
2 4 2729
5 9 1990
4 7 3149
2 3 2642
5 7 5178
3 4 3592
5 6 2999
7 7 3579
12 10 4652
10 8 2497
5 4 4768
4 3 3089
14 10 4138
14 9 3991
5 3 3761
4 2 2341
16 8 4705
20 9 2392
8 3 2483
23 8 4830
23 8 2245
13 4 3455
24 7 4072
18 5 3162
30 8 3818
23 6 1882
8 2 4636
14 3 3741
28 6 2165
38 8 2791
29 6 3304
20 4 4124
25 5 4254
5 1 2007
43 8 3493
22 4 4994
39 7 3704
23 4 1921
6 1 4605
19 3 3417
57 9 4436
64 10 2528
46 7 4223
49 7 2192
50 7 5018
50 7 2800
32 4 4375
68 8 4720
86 10 4321
95 10 4145
86 9 3505
54 5 5275
98 9 5069
98 9 1919
11 1 3841
22 2 3774
90 8 4518
92 8 3485
23 2 4061
36 3 3036
12 1 3384
76 6 3429
13 1 3747
40 3 4667
82 6 2740
42 3 1847
70 5 4418
70 5 3736
99 7 4723
45 3 3244
32 2 5138
64 4 3422
66 4 3501
33 2 2701
88 5 2796
36 2 2871
72 4 2600
74 4 2038
94 5 3780
77 4 1875
98 5 3253
60 3 5127
82 4 2065
83 3 4509
83 3 3803
85 3 3318
58 2 2365
30 1 4859
64 2 3981
37 1 3763
96 2 4792
96 2 3532
98 2 3182
50 1 3664
54 1 4279
59 1 3507
87 1 4510
90 1 1993
94 1 4065
