1 7 2212
3 2 3144
14 8 3286
17 8 3080
14 6 4722
21 8 4133
20 6 3740
30 9 1746
24 7 2352
26 7 3055
30 8 4811
38 10 3232
38 10 4430
41 10 3981
31 7 2887
37 8 3847
38 8 3622
44 9 4654
50 10 2879
35 7 4251
46 9 4320
46 9 2868
53 10 3494
16 3 2781
54 10 4054
52 9 4515
35 6 4821
53 9 3437
24 4 2142
55 9 4326
62 10 4975
7 1 4316
7 1 2529
63 9 3098
51 7 3753
44 6 1766
60 8 1751
15 2 3451
53 7 3845
76 10 4336
38 5 3286
69 9 3779
23 3 1908
31 4 4946
63 8 2262
72 9 4994
41 5 3370
84 10 4159
86 10 3109
61 7 1918
62 7 3286
90 10 4738
36 4 2429
82 9 2662
64 7 2921
86 9 2436
89 9 2393
82 8 4536
73 7 3586
74 7 3218
96 9 2327
89 8 4239
81 7 1809
35 3 4178
60 5 3760
99 8 4038
65 5 3577
92 7 4742
97 7 3936
97 7 3240
71 5 2265
57 4 3255
91 6 4434
93 6 1792
79 5 2545
64 4 2724
92 5 3326
74 4 3127
96 5 4192
63 3 2456
64 3 4647
89 4 2247
67 3 1773
45 2 4366
71 3 2162
24 1 2929
100 4 4585
81 3 4023
30 1 3959
91 3 2373
92 3 2139
34 1 3384
35 1 3691
38 1 1926
39 1 2554
80 2 3391
48 1 4112
98 2 3533
50 1 1904
76 1 3043
