4 5 1009
9 9 0
8 7 0
8 7 0
4 3 0
12 9 583
12 7 1102
9 5 862
8 4 1392
2 1 0
18 9 0
21 9 549
23 9 445
13 5 513
29 10 651
31 10 93
31 10 715
34 10 0
22 6 0
4 1 481
12 3 0
29 7 756
22 5 0
40 9 398
40 9 105
43 9 0
5 1 0
52 10 733
55 10 1204
17 3 0
46 8 0
29 5 616
47 8 168
30 5 0
36 6 0
24 4 0
19 3 0
33 5 1221
53 8 0
34 5 9
34 5 0
42 6 130
56 8 1294
53 7 0
57 7 253
41 5 1498
58 7 886
75 9 0
61 7 808
91 10 0
74 8 0
56 6 774
28 3 0
94 10 377
70 7 581
91 9 975
82 8 0
93 9 0
86 8 177
97 9 1188
33 3 287
88 8 677
99 9 39
48 4 0
89 7 0
64 5 808
65 5 1409
53 4 1063
81 6 0
56 4 0
71 5 243
89 6 477
15 1 0
93 6 63
79 5 117
98 6 1180
70 4 0
71 4 0
90 5 0
18 1 0
43 2 1060
23 1 0
46 2 1316
71 3 1264
48 2 610
99 4 783
25 1 868
83 3 1520
58 2 0
92 3 507
98 3 11
99 3 1509
33 1 102
74 2 0
77 2 170
78 2 498
86 2 0
99 2 1066
80 1 0
87 1 1253
