2 9 4109
3 10 3678
7 9 3656
8 9 4428
9 8 3723
6 5 4299
11 7 4661
8 5 4119
12 7 3904
13 6 3966
19 8 3736
22 9 3679
27 10 4145
23 8 4324
16 5 4099
16 5 3835
24 7 3792
22 6 3815
19 5 4552
23 6 4614
20 5 3668
41 10 3726
41 10 4560
43 10 3657
22 5 4081
36 8 3749
53 10 4134
43 8 4293
27 5 3987
54 9 4472
55 9 3709
57 9 4489
34 5 3778
62 9 4368
35 5 3649
35 5 3724
65 9 4378
37 5 4146
70 9 4243
47 6 4079
32 4 4065
67 8 4564
84 10 3787
85 10 4568
72 8 4131
37 4 4330
56 6 4309
66 7 4630
85 9 4512
49 5 4273
69 7 4002
20 2 4414
40 4 3768
94 9 4055
65 6 4519
55 5 4501
22 2 4570
78 7 3739
90 8 4112
34 3 3757
91 8 4352
81 7 3819
100 8 4646
50 4 3791
64 5 4394
90 7 4321
13 1 4423
94 7 4079
99 7 4444
85 6 3675
86 6 4098
72 5 3868
46 3 4426
79 5 4197
95 6 4642
16 1 4303
33 2 3946
99 6 4064
66 4 3863
90 5 3979
54 3 4087
96 5 4349
59 3 3824
61 3 3922
83 4 4563
42 2 4198
64 3 3790
46 2 3765
48 2 4521
75 3 4272
28 1 4586
66 2 3780
73 2 4230
74 2 4423
88 2 4318
95 2 3960
95 2 4516
98 2 3845
54 1 4053
76 1 4611
