2 8 893
5 9 1342
8 9 747
3 3 2105
12 10 713
12 9 72
12 8 451
13 8 1799
7 4 1658
15 7 1265
13 6 1785
20 9 1205
9 4 1358
23 10 648
21 9 0
22 9 0
27 10 1126
28 9 174
10 3 936
20 6 1092
27 8 588
28 8 115
36 10 1621
36 10 0
33 9 440
25 6 1263
26 6 2167
13 3 0
22 5 1230
22 5 2194
18 4 1269
42 9 1248
19 4 1386
48 10 528
39 8 602
41 8 1216
43 8 471
58 10 1430
47 8 2107
24 4 1973
18 3 553
30 5 718
43 7 1571
37 6 2033
31 5 817
63 9 2030
50 7 0
22 3 0
44 6 2259
41 5 1447
78 9 1445
9 1 533
82 9 1960
39 4 2076
69 7 1464
50 5 2280
90 9 1620
63 6 0
43 4 246
54 5 1697
22 2 0
89 8 457
23 2 1870
82 7 828
84 7 1694
90 7 491
27 2 2205
42 3 636
100 7 1713
72 5 323
29 2 2270
73 5 1457
93 6 5
66 4 367
69 4 1644
52 3 1743
87 5 1463
91 5 0
57 3 0
96 5 14
58 3 1820
79 4 817
22 1 913
90 4 1350
93 4 1418
98 4 1952
59 2 0
92 3 2146
67 2 1132
36 1 127
77 2 477
83 2 918
44 1 1860
89 2 1861
58 1 2099
59 1 2010
83 1 1877
84 1 1032
88 1 1450
94 1 1871
