1 7 1429
5 10 1699
3 3 126
1 1 375
9 8 0
9 7 3
17 10 1332
9 5 0
12 6 0
14 7 690
16 8 0
15 7 0
9 4 249
9 4 0
16 7 278
12 5 1344
24 8 0
33 10 0
17 5 0
29 8 0
4 1 1295
12 3 1070
20 5 0
24 6 896
41 10 1410
29 7 1814
43 10 0
36 8 421
47 10 0
30 6 0
15 3 1650
36 7 0
49 9 1197
28 5 1088
41 7 1517
58 9 0
26 4 199
68 10 0
69 10 912
59 8 1353
38 5 0
38 5 0
23 3 1906
40 5 300
80 10 895
48 6 0
26 3 1852
55 6 183
85 9 163
95 10 0
67 7 0
100 10 0
20 2 307
44 4 36
22 2 350
33 3 0
79 7 693
91 8 1735
57 5 0
76 6 398
39 3 1413
69 5 0
69 5 1600
42 3 166
98 7 0
43 3 0
29 2 1851
60 4 0
45 3 741
77 5 0
31 2 1416
82 5 0
17 1 255
68 4 1222
73 4 0
94 5 0
96 5 1284
100 5 0
40 2 0
83 4 851
63 3 1153
84 4 463
42 2 0
66 3 1798
45 2 1776
98 4 0
51 2 0
54 2 255
85 3 1435
99 3 310
36 1 0
89 2 320
90 2 0
45 1 0
95 2 906
58 1 0
66 1 1700
73 1 0
74 1 1140
93 1 0
