1 9 1109
3 7 3339
6 9 2270
8 9 998
7 6 115
4 3 2758
6 4 2481
11 7 411
21 10 0
24 10 154
5 2 0
5 2 957
11 4 2762
26 9 0
9 3 3329
15 5 372
7 2 1164
25 7 2005
8 2 131
29 7 0
38 9 0
17 4 3233
40 9 1064
36 8 2051
42 9 2325
43 9 0
34 7 1180
30 6 0
11 2 0
35 6 0
35 6 3172
48 8 1306
25 4 2534
38 6 2853
51 8 813
45 7 1153
59 9 1542
34 5 0
41 6 2401
63 9 2708
7 1 2275
36 5 63
22 3 2539
15 2 1160
53 7 0
71 9 1898
48 6 0
60 7 1758
53 6 149
9 1 0
73 8 3156
75 8 0
47 5 1660
57 6 0
97 10 0
95 9 0
66 6 48
91 8 766
61 5 2546
86 7 0
74 6 1851
87 7 0
88 7 79
39 3 3283
52 4 2201
41 3 373
55 4 1077
56 4 0
44 3 3100
83 5 0
35 2 1601
18 1 1793
56 3 0
58 3 0
85 4 1521
85 4 2011
86 4 395
91 4 0
98 4 2231
25 1 2335
86 3 0
58 2 203
60 2 2976
91 3 1547
93 3 0
99 3 0
69 2 2826
72 2 646
39 1 907
79 2 0
42 1 2975
85 2 2091
44 1 0
46 1 1948
93 2 0
95 2 2421
64 1 248
73 1 2400
79 1 2050
89 1 689
