1 4 2222
3 8 3842
4 10 4514
9 10 3504
9 9 1749
4 4 3343
2 2 4540
9 7 4160
12 8 2366
11 7 3489
11 7 4485
15 9 4356
16 9 3893
13 7 1978
16 7 2555
19 8 4270
19 7 3625
23 8 4408
34 10 1572
28 8 1537
11 3 2137
22 6 3433
39 10 4412
34 8 4523
40 9 3966
36 8 2094
45 10 4497
46 10 3795
42 8 3125
48 8 3576
55 9 1527
49 8 3942
25 4 3216
44 7 2501
44 7 4401
64 10 4384
32 5 2892
65 10 2930
66 10 1991
48 7 3279
62 9 2017
69 10 2541
36 5 1666
74 10 2159
74 10 4475
53 7 1681
69 9 3863
77 10 2721
63 8 4394
80 10 2303
73 9 3936
65 8 4342
25 3 3802
92 10 2543
96 10 3848
39 4 3802
78 8 4315
88 9 2266
70 7 4393
90 9 4485
40 4 3874
72 7 3874
66 6 3639
34 3 2270
59 5 3505
36 3 2051
49 4 2470
37 3 3120
62 5 2916
63 5 4416
13 1 4042
53 4 2292
98 7 4377
57 4 4416
86 6 2162
86 6 2105
91 6 2808
81 5 2252
83 5 2525
73 4 4429
62 3 3949
89 4 3318
92 4 2502
70 3 1677
48 2 2706
26 1 2241
80 3 1973
90 3 1858
60 2 2729
62 2 3306
95 3 4057
74 2 2163
41 1 3872
85 2 1864
43 1 2377
90 2 2421
48 1 1569
49 1 3616
72 1 2932
73 1 3712
