1 7 0
5 8 0
4 6 0
8 7 606
12 10 124
10 8 86
17 9 0
13 6 292
15 6 0
16 6 687
19 7 715
29 10 779
21 7 74
33 10 961
17 5 457
20 5 93
42 10 31
50 10 316
36 7 314
42 8 0
54 10 0
44 8 0
28 5 0
48 8 0
60 10 895
19 3 27
32 5 466
52 8 0
61 9 0
34 5 690
48 7 0
71 10 654
71 10 0
43 6 0
22 3 0
74 10 0
30 4 0
15 2 0
76 10 316
69 9 0
70 9 665
47 6 468
71 9 0
65 8 1062
66 8 0
60 7 634
27 3 0
18 2 213
94 10 0
85 9 994
48 5 36
97 10 0
97 10 459
40 4 502
40 4 835
82 8 0
96 9 0
96 9 622
96 9 960
76 7 565
55 5 0
44 4 0
79 7 0
47 4 0
83 7 0
64 5 193
90 7 0
53 4 644
67 5 628
67 5 0
81 6 0
68 5 938
82 6 876
28 2 0
88 6 292
90 6 0
49 3 0
17 1 0
85 5 0
86 5 806
37 2 0
75 4 0
38 2 0
96 5 73
99 5 766
61 3 0
63 3 826
88 4 0
27 1 957
64 2 0
72 2 302
42 1 579
43 1 805
99 2 0
59 1 32
66 1 131
78 1 258
83 1 180
87 1 223
92 1 0
