1 10 3746
1 7 3957
3 10 3397
3 7 3642
7 10 4188
5 6 4244
9 10 3440
6 6 3949
12 9 4035
15 8 4280
12 6 4075
6 3 3529
19 9 3813
22 10 4145
17 6 4256
26 9 4176
24 8 4123
30 9 3564
21 6 4025
23 6 3623
27 7 4217
25 6 3466
25 6 3802
42 10 3673
34 8 4000
30 7 3991
40 9 3522
45 9 3719
53 10 4049
53 10 3608
54 10 4240
39 7 4050
46 8 3436
12 2 4162
18 3 3510
49 8 3932
65 10 3468
66 10 3439
42 6 3528
56 8 3764
64 9 3603
24 3 3920
64 8 3908
40 5 4173
65 8 4195
17 2 3788
34 4 4129
26 3 3436
91 10 4280
66 7 4295
38 4 3873
58 6 4245
39 4 3446
90 9 3906
90 9 3714
72 7 4062
21 2 4129
85 8 4053
89 8 3527
80 7 4302
24 2 3798
85 7 3907
51 4 3782
91 7 3806
13 1 4174
26 2 4048
92 7 3985
93 7 3437
82 6 3854
84 6 3530
29 2 4157
61 4 3739
77 5 3561
31 2 3761
96 6 3469
54 3 3753
76 4 3712
76 4 3405
60 3 3758
40 2 4191
66 3 3514
70 3 3843
79 3 3940
27 1 3909
90 3 3626
62 2 3717
95 3 3513
32 1 3642
32 1 3765
68 2 3586
40 1 4281
41 1 4153
86 2 4107
96 2 4265
67 1 4262
80 1 3987
80 1 3501
81 1 3482
85 1 3923
90 1 3609
