1 6 4664
6 8 1631
7 6 855
13 10 1096
8 6 3008
6 4 2520
14 7 2970
18 9 4294
17 8 74
13 6 4218
20 9 3770
21 8 3783
11 4 1499
26 9 4540
3 1 941
30 8 4742
40 8 711
52 10 3036
39 7 1919
39 7 2114
56 10 294
34 6 3388
17 3 4427
6 1 1191
57 9 0
58 9 1774
52 8 144
54 8 4012
68 10 2969
7 1 453
52 7 713
75 10 3551
30 4 1547
63 8 2999
79 10 4266
32 4 0
24 3 2536
72 9 504
64 8 3114
64 8 3121
57 7 0
59 7 1067
59 7 1875
88 10 4055
56 6 2870
77 8 1109
39 4 1633
50 5 4053
40 4 851
41 4 4188
52 5 2285
97 9 3495
56 5 1771
45 4 4065
80 7 368
92 8 3099
77 6 3097
78 6 2238
78 6 4364
92 7 3787
79 6 2238
94 7 3996
27 2 717
97 7 259
56 4 75
98 7 387
86 6 1419
88 6 164
75 5 2119
61 4 2549
61 4 354
46 3 2224
47 3 0
81 5 284
83 5 1612
86 5 3480
70 4 142
88 5 541
18 1 2352
55 3 579
56 3 590
79 4 0
87 4 444
23 1 1887
95 4 658
48 2 0
25 1 3965
26 1 297
79 3 647
56 2 0
29 1 590
100 3 0
67 2 1161
37 1 1616
80 2 4040
45 1 3206
92 2 1303
75 1 2755
94 1 3993
94 1 669
