1 10 3892
9 9 3423
4 4 3387
10 10 3628
7 5 3703
4 2 3865
28 10 4713
26 9 5226
3 1 4173
9 3 4406
32 10 4917
24 7 4956
28 8 4231
18 5 4189
18 5 4462
39 10 3507
43 10 4686
26 6 3165
40 9 5195
27 6 4102
41 9 4651
10 2 4649
15 3 4777
53 10 5047
43 8 3710
47 8 4725
59 10 4435
57 9 4238
32 5 4631
68 10 4118
41 6 5204
7 1 3208
49 7 5192
71 10 4550
29 4 4195
58 8 3525
44 6 4517
60 8 4395
68 9 4201
31 4 3628
39 5 4750
72 9 4045
24 3 3256
8 1 4708
74 9 4600
78 9 3910
52 6 3988
44 5 3154
95 10 3909
86 9 3959
78 8 3783
10 1 4837
30 3 3889
71 7 4102
65 6 4712
79 7 4358
74 6 4997
62 5 3911
39 3 4464
91 7 5053
80 6 3141
40 3 3980
54 4 4485
28 2 4548
98 7 3555
86 6 4730
72 5 4738
45 3 4270
46 3 4026
64 4 3407
98 6 3373
66 4 4695
68 4 4460
17 1 3409
52 3 3966
89 5 4986
81 4 4730
44 2 3147
69 3 4681
71 3 3754
97 4 5185
99 4 5137
99 4 4993
100 4 4365
25 1 4169
76 3 3686
79 3 4093
55 2 3611
83 3 3496
88 3 4699
33 1 3169
70 2 5012
41 1 3513
91 2 4626
59 1 4228
67 1 3278
82 1 3588
86 1 3402
86 1 3652
95 1 3682
