3 10 5066
3 10 4524
4 10 4905
3 7 3711
9 10 3326
12 10 3400
6 5 3512
9 6 4266
13 8 5065
7 3 4695
20 8 5234
20 8 5015
29 9 4578
20 6 3668
10 3 4987
36 10 4324
29 8 3997
12 3 3956
32 8 5284
16 4 4577
37 9 3860
22 5 3430
41 9 4816
30 6 3596
10 2 4591
20 4 3384
16 3 3734
16 3 4581
38 7 3640
33 6 4526
33 6 3821
23 4 3462
47 8 3853
53 9 5238
19 3 3396
45 7 4747
65 10 4469
34 5 3672
58 8 4093
73 10 4077
75 10 3253
76 10 4300
46 6 3483
62 8 4464
47 6 4654
72 9 4918
81 10 3682
67 8 3797
76 9 5151
60 7 3508
84 9 3797
19 2 3891
48 5 4691
48 5 4025
20 2 4093
21 2 4537
95 9 3688
97 9 4784
76 7 3704
76 7 3328
90 8 4043
68 6 3980
71 6 3288
95 8 3708
74 6 4532
99 8 3201
26 2 4013
93 7 4329
93 7 3485
93 7 3662
40 3 3507
54 4 3531
81 6 4611
95 7 4690
72 5 3967
58 4 4655
61 4 4207
79 5 5285
64 4 4420
99 5 4363
83 4 4615
93 4 4022
97 4 4097
98 4 3319
74 3 3705
100 4 4936
53 2 3956
56 2 3825
90 3 5225
67 2 4893
72 2 5086
75 2 4349
82 2 3193
44 1 3558
96 2 3456
49 1 4905
68 1 4378
76 1 5175
80 1 3469
85 1 4797
