2 6 2432
3 5 3001
6 9 2146
3 4 2986
8 9 3278
8 9 4113
9 6 1721
5 3 1608
17 10 3554
7 4 3861
10 4 2816
13 5 1853
24 9 2605
19 7 2169
22 8 2069
26 9 2583
6 2 2966
6 2 2085
29 9 4239
26 8 4259
33 10 3743
10 3 3678
26 6 1821
39 9 3227
46 9 3968
26 5 2560
34 6 1729
36 6 3120
25 4 1955
44 7 4370
19 3 3901
38 6 3189
51 8 4444
39 6 3097
46 7 2554
54 8 4211
35 5 2484
68 9 3793
77 10 2661
40 5 3731
8 1 3760
74 9 4039
58 7 1718
58 7 2813
77 9 4164
69 8 1971
26 3 2944
70 8 2763
89 10 3585
9 1 4090
73 8 2536
56 6 1554
75 8 2832
86 9 3748
77 8 2494
79 8 1947
40 4 4188
91 9 1811
92 9 2352
64 6 1877
43 4 2390
99 9 4081
56 5 3580
34 3 2779
70 6 4304
84 7 2232
39 3 3866
94 7 3809
81 6 4332
43 3 4351
74 5 4366
89 6 4333
45 3 3925
61 4 2384
65 4 2591
82 5 2293
82 5 2429
50 3 4059
51 3 3596
17 1 3410
53 3 3126
97 5 3278
59 3 2233
41 2 2587
64 3 2175
45 2 3085
91 4 1711
27 1 4087
98 3 3388
34 1 2431
76 2 1971
41 1 2337
83 2 1653
90 2 2662
54 1 2526
77 1 3478
78 1 3075
86 1 3339
87 1 3359
98 1 3448
