5 9 634
5 6 0
6 7 0
7 7 1115
5 5 0
9 6 0
9 5 0
11 5 0
21 9 0
19 8 0
17 7 0
16 6 0
6 2 0
27 9 0
36 10 0
29 8 0
11 3 0
29 7 0
44 10 0
9 2 1237
18 4 62
47 10 0
15 3 0
25 5 1297
51 10 0
18 3 0
61 10 0
63 10 1317
19 3 0
64 10 0
14 2 0
72 10 0
36 5 0
22 3 420
22 3 916
75 10 425
30 4 0
63 8 967
80 10 0
56 7 60
73 9 83
82 10 0
50 6 1330
25 3 949
75 9 0
76 9 917
26 3 664
52 6 1225
62 7 963
71 8 897
91 10 637
55 6 223
84 9 0
98 10 1132
69 7 849
95 9 0
88 8 0
68 6 0
80 7 0
12 1 1174
38 3 0
51 4 43
52 4 1349
39 3 0
93 7 0
94 7 512
99 7 43
73 5 368
31 2 0
96 6 0
33 2 670
36 2 0
72 4 1477
90 5 0
94 5 0
95 5 0
39 2 0
60 3 768
60 3 1513
81 4 0
66 3 195
89 4 1364
24 1 179
50 2 0
87 3 1451
30 1 0
63 2 0
65 2 1469
34 1 1460
74 2 1235
74 2 746
75 2 0
38 1 0
42 1 864
45 1 0
71 1 1452
75 1 0
75 1 0
77 1 0
93 1 0
