1 8 1803
1 5 3059
4 8 2543
3 4 561
4 4 2353
9 8 1545
9 6 2188
18 9 1179
4 2 238
11 5 1325
21 9 0
8 3 0
19 6 1709
13 4 0
30 9 3028
27 8 319
18 5 0
36 10 1849
8 2 2187
25 6 2228
35 8 528
48 10 1968
52 10 1717
47 9 1994
17 3 2560
46 8 0
58 10 2414
12 2 2406
49 8 0
51 8 3198
58 9 2934
34 5 3035
55 8 1016
69 10 895
71 10 2131
68 9 2428
55 7 0
56 7 1280
64 8 0
49 6 563
67 8 1725
59 7 0
52 6 88
88 10 2500
82 9 3016
84 9 2610
94 10 2182
19 2 3272
38 4 880
30 3 1662
10 1 0
51 5 2098
96 9 575
96 9 0
65 6 87
59 5 0
86 7 737
65 5 1453
78 6 0
92 7 3149
54 4 0
81 6 1867
82 6 694
82 6 944
84 6 0
74 5 327
30 2 1089
92 6 3008
65 4 935
98 6 0
49 3 1281
52 3 963
92 5 933
76 4 1485
96 5 3159
59 3 1728
21 1 0
84 4 0
89 4 2546
67 3 1226
46 2 0
94 4 379
98 4 0
76 3 3206
77 3 409
28 1 20
87 3 2597
59 2 784
91 3 1076
92 3 1917
78 2 1360
87 2 2718
88 2 692
46 1 1711
47 1 2332
74 1 1966
76 1 443
77 1 2214
79 1 0
96 1 0
