2 8 1887
2 7 0
2 4 2803
1 2 2072
3 5 0
7 9 0
5 5 1594
2 2 0
15 10 2074
8 5 0
16 9 1860
9 5 2949
15 7 3037
20 9 0
9 4 2838
9 4 1252
23 10 1211
25 10 1663
23 9 916
29 9 2859
11 3 2169
30 8 1531
28 7 0
41 10 1954
9 2 0
38 8 2942
43 9 831
45 9 2863
35 7 1529
37 7 3028
11 2 127
48 8 0
31 5 1638
32 5 0
13 2 0
55 8 1474
21 3 118
37 5 0
38 5 0
69 9 1810
70 9 2862
63 8 2786
71 9 0
72 9 1577
85 10 389
68 8 0
35 4 2209
53 6 1030
91 10 0
56 6 2885
57 6 2558
87 9 0
39 4 0
69 7 1186
10 1 2003
63 6 0
32 3 1010
32 3 0
33 3 168
78 7 2965
56 5 852
94 8 1923
74 6 1639
75 6 966
52 4 684
92 7 0
94 7 852
41 3 2715
96 7 0
99 7 0
44 3 993
75 5 1373
96 6 1050
97 6 2228
53 3 1061
93 5 0
93 5 2253
38 2 39
38 2 2603
78 4 0
84 4 0
91 4 0
93 4 260
70 3 2844
94 4 1398
71 3 2753
95 4 2950
99 4 2200
77 3 412
56 2 1244
95 3 2717
96 3 1909
64 2 2013
66 2 2678
72 2 0
46 1 152
59 1 0
65 1 368
82 1 2435
92 1 0
