3 10 2605
4 9 3022
9 10 3170
9 8 2565
8 7 684
10 8 1181
15 9 3288
18 9 2633
6 3 2327
20 9 2131
7 3 2344
21 9 2610
25 10 3496
3 1 1509
26 8 1638
28 8 1436
34 9 745
39 10 2212
28 7 3611
20 5 1737
17 4 927
33 7 654
10 2 2512
42 8 3397
21 4 2474
23 4 1106
35 6 3164
47 8 3399
62 10 998
25 4 819
46 7 1767
22 3 1622
68 9 849
49 6 2444
25 3 2884
78 9 2934
81 9 682
54 6 1176
63 7 3501
91 10 1335
82 9 1398
28 3 2646
38 4 537
69 7 3452
80 8 3198
60 6 531
83 8 3085
52 5 1012
63 6 1760
76 7 3646
87 8 2389
98 9 1126
55 5 2398
78 7 2768
45 4 2981
71 6 673
98 8 1929
100 8 1928
51 4 2202
13 1 3489
26 2 3228
67 5 1475
95 7 1375
69 5 2823
42 3 1050
99 7 3495
100 7 1084
74 5 1974
74 5 1448
76 5 3056
79 5 2260
64 4 3174
33 2 2501
34 2 3581
38 2 1290
58 3 3606
40 2 2994
81 4 3532
63 3 1523
85 4 1517
44 2 589
67 3 999
23 1 2889
69 3 2651
94 4 1314
85 3 1772
59 2 2352
63 2 1001
66 2 2485
39 1 1552
42 1 3180
86 2 1640
91 2 528
49 1 1914
68 1 2223
78 1 2506
79 1 1658
85 1 2657
94 1 1384
99 1 751
