1 4 4151
2 7 3919
2 5 3858
4 7 4171
3 4 4016
7 8 3980
3 3 3720
13 10 3656
4 3 4052
4 3 4207
6 4 4232
7 4 3883
2 1 3515
13 6 3989
11 5 4151
18 7 4171
11 4 3901
3 1 4012
30 9 3542
22 6 3821
39 10 3649
8 2 3719
40 9 4069
28 6 3645
33 7 3689
19 4 4245
49 10 4266
35 7 3610
25 5 3867
44 8 4229
17 3 3833
40 7 3870
52 9 3458
58 10 4232
35 6 3938
6 1 3938
45 7 3907
13 2 3803
67 10 3938
47 7 3612
57 8 3390
46 6 3596
69 9 3487
47 6 4031
32 4 4065
16 2 4130
66 8 3647
50 6 3370
67 8 4088
35 4 3514
89 10 3498
75 8 3965
58 6 3516
97 10 3940
39 4 3730
98 10 3417
89 9 4290
41 4 4244
93 9 3438
98 9 4045
44 4 4231
88 8 3641
66 6 4109
80 7 3412
74 6 3960
26 2 3638
67 5 4128
57 4 3716
43 3 3461
15 1 4270
61 4 4020
93 6 3653
97 6 4247
17 1 3438
52 3 4279
90 5 3967
92 5 3832
74 4 3377
93 5 3501
56 3 3907
96 5 4233
58 3 3385
62 3 3562
69 3 3594
93 4 4167
71 3 3581
48 2 3585
75 3 3351
75 3 3735
26 1 3410
56 2 3550
64 2 4136
98 3 4041
99 3 3362
35 1 4179
78 2 3547
47 1 4050
63 1 4249
71 1 3611
76 1 3811
