1 7 0
3 9 1821
4 4 997
2 2 568
15 10 1617
12 7 411
12 6 0
10 5 0
12 6 0
10 5 0
17 8 0
22 10 807
10 4 0
26 9 0
22 7 0
13 4 0
23 7 0
28 8 0
22 6 1858
37 10 733
39 10 0
35 8 651
31 7 1057
10 2 1479
46 9 0
41 8 0
44 8 0
56 10 0
40 7 0
46 7 0
64 9 0
58 8 189
44 6 0
74 10 0
23 3 508
31 4 0
84 10 0
80 9 0
89 10 963
54 6 0
81 9 0
75 8 0
67 7 0
91 9 0
81 8 0
82 8 1750
72 7 1712
62 6 0
21 2 248
64 6 179
96 9 105
75 7 0
66 6 0
55 5 1647
58 5 1010
60 5 284
60 5 141
62 5 0
75 6 0
79 6 1793
82 6 0
96 7 0
56 4 0
57 4 0
43 3 0
59 4 0
63 4 1453
79 5 1835
95 6 818
83 5 226
83 5 0
100 6 0
85 5 0
35 2 0
37 2 0
57 3 553
77 4 72
82 4 2108
64 3 0
47 2 0
47 2 0
72 3 453
73 3 155
50 2 0
100 4 0
82 3 1619
56 2 420
30 1 0
30 1 1879
63 2 0
32 1 0
73 2 1529
38 1 0
41 1 792
90 2 0
96 2 1848
98 2 1448
58 1 557
69 1 545
73 1 0
