1 5 4527
8 10 4501
10 9 3855
9 8 5084
13 10 5100
8 6 2969
14 9 3821
15 9 5123
17 10 4378
14 7 4044
18 8 4575
9 4 2607
25 10 4237
24 9 4022
11 4 3489
17 6 3306
26 9 3063
30 10 5001
21 7 3168
31 10 3900
13 4 4304
21 6 3949
37 10 2379
28 7 3069
41 10 3898
9 2 4230
37 8 3290
24 5 4012
50 10 4892
25 5 4669
10 2 3285
51 10 4930
23 4 3033
46 8 5109
42 7 2487
6 1 4810
48 8 4076
58 9 4956
39 6 5085
66 10 2846
28 4 4958
71 10 4697
60 8 4585
46 6 4607
77 10 4929
31 4 3577
71 9 3443
79 10 3578
64 8 2850
48 6 4207
74 9 3559
33 4 4190
58 7 2959
25 3 3949
86 10 3210
26 3 3698
80 9 2794
63 7 3853
66 7 2470
58 6 4924
97 10 2479
30 3 2877
50 5 4083
73 7 2582
53 5 3103
64 6 2680
75 7 4702
22 2 4868
67 6 4152
35 3 3098
35 3 4615
24 2 4033
74 6 3618
100 8 4875
89 7 2736
65 5 2663
78 6 2897
54 4 4920
99 7 3583
71 5 4235
88 6 4696
83 5 2584
67 4 2612
87 5 3036
18 1 4133
72 4 2588
78 4 3132
78 4 4322
84 4 3822
23 1 3403
25 1 3384
27 1 4018
90 3 2411
90 3 4385
33 1 4621
37 1 2739
85 2 2522
53 1 3459
92 1 4955
97 1 4854
