94 7 2769
77 4 2571
77 7 1642
29 4 2379
96 9 2683
84 7 1504
93 9 3092
50 7 2644
85 8 1840
98 10 2436
94 1 2568
9 6 1982
24 7 1617
79 9 1784
89 10 2138
72 8 2050
91 1 3027
24 1 2099
51 10 1880
95 8 2282
83 4 2819
73 6 2150
22 8 1701
25 9 1805
7 9 2752
4 6 1906
6 7 2265
100 9 2242
92 10 2190
40 5 3143
75 2 1537
47 7 2601
78 1 2102
40 10 2150
65 8 2738
87 4 2087
22 2 2926
7 9 2615
79 8 2114
27 3 2004
97 8 1555
82 3 3069
86 5 2151
69 2 1547
91 10 1479
50 5 2751
18 4 2857
3 5 1470
9 1 2748
32 1 3093
