18 2 2088
22 4 2044
34 8 2261
28 9 2132
83 6 2112
79 6 2348
95 5 2301
48 6 2195
40 10 2318
60 8 2265
9 2 1934
91 5 2228
41 5 2208
25 6 2025
100 7 1948
52 1 1944
4 9 2324
24 3 2373
5 6 2208
61 3 2100
14 10 2263
99 10 2354
79 8 1949
94 10 2140
19 6 2160
79 4 2163
92 7 1911
64 6 2388
34 5 2307
88 10 1993
28 2 1972
25 4 2219
40 4 1965
37 10 2218
89 6 2217
74 1 2254
83 9 2185
31 3 2246
91 7 2166
47 7 2000
74 9 1959
62 5 2300
65 8 2385
19 2 2041
93 8 2097
16 10 2270
61 6 2101
9 9 2216
80 3 1914
67 7 1892
