79 5 1458
31 2 1500
42 5 1613
58 1 1863
25 5 1932
60 10 1890
62 2 1814
41 1 1841
88 7 1765
78 2 1803
38 3 1532
44 9 1393
3 1 1829
85 2 1652
35 9 1794
57 5 1588
96 2 1759
94 7 1547
63 10 1820
41 1 1450
81 4 1917
33 8 1624
68 8 1663
20 6 1477
66 5 1743
47 3 1539
42 8 1815
83 2 1884
46 4 1712
96 1 1910
12 7 1424
86 7 1695
11 4 1691
57 10 1598
51 5 1773
50 1 1420
37 8 1785
20 9 1908
68 3 1724
63 4 1585
94 4 1803
93 4 1665
16 4 1759
75 4 1536
42 8 1549
99 5 1411
87 5 1635
7 9 1850
30 3 1396
76 7 1802
