37 9 1519
46 2 2100
33 1 1877
17 2 1502
52 5 1759
53 7 2233
31 4 1954
82 5 1790
2 2 1801
61 4 2426
22 10 2371
27 10 2069
46 1 2074
1 1 2349
62 8 1699
41 2 2148
62 8 2004
44 7 1731
73 9 2009
1 2 1636
39 3 1764
99 3 1684
42 10 2014
76 10 2003
85 3 1567
20 3 1595
20 1 1528
25 2 2237
24 5 2436
97 2 2417
27 1 1500
100 10 1897
93 7 1560
65 10 1597
45 8 1577
40 5 1690
46 5 1917
96 5 2268
24 10 2112
77 4 1602
53 6 1730
5 10 2271
79 3 1726
32 2 2459
99 7 2122
46 10 2369
91 7 2266
20 1 2090
86 2 1487
16 2 2152
