33 5 1667
23 2 1881
52 7 1704
47 10 1623
38 7 1648
58 7 1741
86 7 1462
59 8 1415
44 8 1380
87 6 1466
38 6 1647
65 5 1412
53 2 1454
7 5 1520
56 9 1630
69 2 1593
81 7 1664
53 4 1681
51 5 1664
63 3 1378
60 5 1434
3 3 1781
100 9 1819
33 3 1874
38 3 1612
73 5 1612
46 7 1707
53 3 1814
79 5 1612
21 6 1666
99 6 1613
90 9 1446
61 6 1763
46 5 1414
33 10 1673
99 7 1762
79 9 1546
87 10 1670
86 5 1909
28 10 1810
43 9 1381
24 4 1781
66 5 1408
14 7 1756
80 8 1429
77 1 1448
43 5 1639
85 4 1845
30 10 1728
7 7 1742
