71 1 1872
8 10 2130
40 8 1994
99 6 1663
82 8 1380
32 4 1994
65 10 1379
7 7 1892
80 1 1729
19 8 2085
46 10 1659
87 5 2152
62 8 1684
29 2 1651
12 5 1475
94 9 1778
15 2 1496
38 2 1682
33 5 2337
51 9 1638
18 6 2220
37 10 1421
20 1 2508
42 3 1738
39 9 1422
33 10 1399
25 7 1759
22 10 2443
37 6 2630
49 1 1398
41 9 2498
8 9 2079
64 10 2348
24 10 2033
100 4 1495
84 9 2501
59 2 2415
11 5 1271
75 3 2590
98 7 2345
54 9 1355
81 10 1802
81 8 2624
67 10 2599
71 6 2391
17 3 1767
73 4 1258
71 7 1305
23 6 1906
22 9 2133
