4 7 2077
34 8 2013
92 10 2139
66 9 2012
30 8 2276
2 1 1863
1 1 1979
76 2 1981
56 10 2247
80 1 2029
62 4 2333
45 6 2325
7 8 2238
68 9 2041
55 2 2055
91 7 2176
46 10 1944
30 10 1908
53 5 2136
50 2 1978
79 4 2075
96 4 2164
18 10 2234
72 7 1849
51 4 2044
64 5 2105
4 1 2104
24 6 2279
48 2 2054
95 4 1906
54 9 2270
89 6 1976
96 5 1818
16 2 1894
4 3 1836
63 1 2189
64 2 2133
21 10 2082
77 8 2257
61 7 1964
58 2 2044
67 9 1955
90 7 2049
11 6 1949
27 8 1967
81 9 2074
49 10 2110
58 5 2240
61 6 1897
50 1 2307
