70 5 1334
69 10 1882
65 10 3102
1 1 2971
49 10 2034
3 6 2051
22 4 1067
72 6 2979
33 9 2590
23 10 2341
84 5 833
19 1 2227
83 8 2329
49 2 835
45 7 3049
59 4 1079
48 2 1256
22 8 2834
36 10 1587
76 4 1881
70 9 1346
95 6 2743
31 2 2571
20 8 2465
78 8 1731
38 10 1420
45 7 3054
6 4 3104
97 3 2449
35 9 2738
32 9 2711
14 9 2462
37 6 2068
88 7 1584
87 4 2083
90 1 2102
3 7 1437
13 1 2432
48 3 2039
46 6 2435
87 1 1314
43 5 2453
89 5 2021
59 10 2340
75 2 1218
25 5 2750
29 4 1952
74 9 2448
42 1 1955
22 5 1246
