65 10 2958
23 4 2179
5 10 1444
33 9 3044
73 6 1649
82 7 1456
90 8 2463
30 6 1796
26 2 2762
40 10 1998
78 3 2967
83 3 2458
94 2 1272
95 2 2052
57 4 1661
75 2 1740
9 10 2457
40 8 2235
31 6 1030
28 9 1778
71 9 1912
54 10 1107
21 9 2260
8 10 1072
45 1 1548
11 8 2043
60 5 1194
19 6 2907
61 8 1948
73 10 2629
1 3 1756
6 7 2176
16 2 1916
93 8 1541
9 6 1629
56 9 2026
72 6 1110
15 5 2334
67 2 1565
94 6 2742
55 9 1651
73 9 1812
72 4 1341
89 9 1938
59 5 2531
93 5 2043
38 8 2909
49 6 1944
43 2 1221
90 7 2845
