8 10 1228
22 4 2035
34 10 2989
66 2 3205
98 8 2075
82 2 2809
11 3 2226
70 9 2125
60 9 2943
15 3 1816
93 10 1640
93 4 1448
41 3 2061
22 6 2521
98 8 1449
70 8 3100
52 4 3128
99 8 1539
58 10 3406
78 10 2120
70 9 1843
30 2 2400
19 5 2621
35 4 2193
39 5 1877
89 9 2224
46 3 1774
99 6 1733
68 7 1404
42 6 3133
18 2 2945
67 3 2356
30 10 2008
47 9 1281
29 3 2969
80 5 2024
65 10 2276
49 9 2978
89 2 1761
17 4 3521
80 1 1997
86 7 1939
24 1 2389
98 5 2889
45 9 2822
87 8 2476
76 5 2900
84 4 2605
97 6 3041
70 7 1462
