32 2 2385
99 8 2775
42 3 1693
33 10 2288
14 8 1771
40 10 1426
5 7 2443
42 3 2894
11 4 2723
72 7 1520
67 8 1444
95 10 2765
2 4 1724
89 8 1308
40 8 1441
76 10 2082
55 4 1367
97 10 2101
74 2 1497
39 1 1877
29 3 1690
18 2 1657
62 4 2394
2 2 2746
75 1 2170
92 10 2128
37 2 1353
49 2 2617
33 1 2761
72 1 1508
72 8 1317
28 8 1295
35 9 2010
28 10 1576
82 3 1789
55 8 2095
3 10 1969
45 7 1289
21 2 2290
11 9 2815
49 7 2436
24 4 2785
86 1 2911
41 8 1243
76 7 1984
82 9 2828
11 10 1936
57 2 1657
79 8 1904
50 5 2699
