98 4 1617
71 9 2304
30 2 2146
40 3 1747
65 2 1925
85 9 2082
32 1 2073
14 10 1981
55 2 1887
50 3 2101
50 1 2451
59 2 2465
86 8 2463
24 3 2017
84 10 2115
78 3 1817
69 9 2317
79 4 1754
77 10 2074
39 7 2286
3 5 2366
3 5 2088
11 2 2283
76 7 2080
79 1 1796
100 10 1749
10 3 1920
87 6 2223
79 10 1604
91 8 2013
39 9 2178
39 7 1889
74 10 1624
10 3 1792
2 1 1539
61 2 2255
27 9 2057
8 4 2234
44 10 1560
50 2 1834
91 2 2507
52 4 1809
52 10 2149
68 10 2330
10 9 2506
24 10 1910
52 6 2347
42 6 1972
19 8 1549
21 5 1943
