39 8 1666
72 10 2095
93 4 1110
82 4 1202
64 1 2095
82 2 1108
93 9 1903
64 3 1411
15 8 1606
62 10 1432
20 5 1135
29 10 2002
44 3 1113
65 1 1451
34 9 1675
97 5 1171
42 1 1788
7 4 1528
85 2 2077
8 1 1342
43 1 1901
74 8 1974
15 6 1133
17 9 1538
20 2 1646
15 10 1553
53 8 1913
92 2 2013
87 8 2111
44 9 1834
24 4 1401
18 10 1955
99 1 1581
41 1 1443
38 3 1986
97 5 1979
52 10 1961
54 3 1482
99 7 1106
45 5 1835
81 4 1892
94 2 1902
1 1 1671
95 4 1835
63 2 2102
39 5 1603
29 8 1706
94 9 1623
16 9 1716
31 7 1200
