78 4 2098
92 1 2329
85 9 2563
47 3 2376
60 9 1894
3 7 2698
48 5 2610
89 10 2515
56 2 2780
84 4 2188
83 2 2239
65 4 1889
97 7 2174
12 5 2085
65 4 1743
60 1 2396
30 1 2695
4 3 2695
39 10 2245
50 10 1874
20 7 1889
19 3 2617
13 3 2388
100 9 2006
45 10 2569
54 4 1911
61 1 2269
66 3 2298
99 2 2546
48 3 2479
23 7 2367
95 5 2409
94 10 2742
83 5 2320
5 6 1895
26 4 1702
55 5 2484
77 3 2605
78 4 2188
85 6 2688
22 1 2055
93 4 1917
78 4 1715
93 5 2772
55 10 2443
31 6 2223
9 1 1694
58 3 2164
25 6 2314
34 9 2000
