74 1 1296
47 10 1334
32 8 1545
41 5 1579
27 6 1483
75 7 1419
99 10 1729
92 10 1314
7 1 1342
88 4 1631
58 7 1722
64 2 1479
86 3 1721
29 2 1702
78 3 1493
56 10 1565
54 1 1590
80 3 1270
93 10 1413
58 7 1337
14 8 1419
65 3 1542
1 2 1275
53 8 1374
85 4 1323
49 10 1734
69 1 1551
12 1 1375
4 4 1453
35 3 1729
25 9 1425
97 4 1698
21 4 1640
69 3 1504
67 9 1532
63 1 1669
2 8 1283
38 4 1298
56 2 1500
52 2 1614
30 5 1482
67 4 1534
20 10 1697
100 7 1663
2 6 1442
25 9 1503
52 3 1261
31 1 1301
32 8 1605
19 1 1270
