47 2 1402
15 6 1513
6 8 1276
52 5 1484
53 4 1459
5 7 1203
7 3 1147
83 2 1537
93 4 1485
64 1 1299
28 2 1337
95 7 1181
42 9 1537
49 3 1512
63 5 1172
25 10 1447
39 2 1507
6 5 1568
22 10 1537
55 2 1354
91 10 1252
74 7 1134
32 6 1515
4 8 1315
67 5 1387
80 5 1323
33 9 1548
33 5 1381
6 4 1176
44 3 1476
83 1 1432
45 10 1518
10 9 1565
74 2 1569
55 5 1224
80 6 1187
46 3 1278
72 10 1238
37 1 1484
23 4 1414
48 1 1202
27 3 1282
34 3 1496
97 10 1241
16 5 1372
21 3 1350
63 2 1295
66 2 1131
15 8 1326
26 9 1441
