40 3 2367
67 10 2298
32 2 1873
78 3 2042
51 8 1935
19 7 1744
33 1 1877
10 10 2740
94 9 1828
40 4 2531
81 8 1931
49 7 1824
74 7 2204
58 3 2005
41 10 1771
45 3 2324
37 2 2181
72 6 2238
65 1 2519
65 1 1669
69 10 2071
43 5 2433
97 3 2592
91 9 2508
96 5 1773
97 2 1770
72 3 1861
21 9 2090
86 7 1897
29 7 1711
14 7 1960
68 8 1995
46 6 2155
97 1 2261
40 9 2749
61 9 1911
26 4 2492
24 4 2059
56 8 2618
45 7 1658
13 6 2571
2 7 2340
59 1 2650
79 5 2673
39 10 1810
86 10 2637
36 4 2529
41 7 2332
73 5 2163
97 1 2528
