81 7 1933
61 3 2068
83 4 2245
1 5 1926
91 1 1835
68 10 1931
70 5 2230
36 7 2113
67 9 2241
95 9 2018
42 10 2207
4 1 2043
40 4 1900
92 2 2125
24 10 2116
12 8 1878
53 1 2077
46 5 1888
7 5 2122
57 4 2002
67 2 2291
89 4 1995
45 3 2108
26 4 2024
59 3 2020
90 8 2027
61 6 1958
98 10 2129
18 4 2138
61 10 2200
39 2 2084
41 9 2089
53 1 1954
52 3 2243
35 10 2153
15 9 2086
86 4 2206
58 2 2091
64 8 2133
70 3 2247
56 6 2101
9 5 2332
11 4 2059
47 10 1908
16 9 2307
80 4 2299
26 8 2039
77 8 2263
37 5 1989
85 9 2074
