4 7 2058
12 7 2362
72 10 1450
11 1 1484
32 8 2338
83 10 2348
26 9 1914
81 8 1423
86 10 1802
43 6 2404
88 10 2018
69 5 1815
53 6 2344
53 6 1921
2 5 2108
57 10 2201
59 4 1770
41 1 1262
2 1 1634
42 6 2534
71 2 2547
100 3 1905
14 5 2463
38 8 1487
97 9 2418
88 2 1484
53 10 1307
73 1 1319
87 9 1702
31 9 2648
26 4 1742
93 9 1836
28 6 2614
17 3 2301
29 7 2276
58 4 2339
51 8 2054
3 5 1907
51 1 2567
44 2 1404
26 3 2540
9 3 2538
68 9 1650
41 3 1730
64 4 2086
23 8 2113
51 10 1253
58 3 2657
18 4 2242
97 8 2063
