90 7 1240
53 4 2043
43 3 3166
76 10 3905
35 9 1581
28 10 2112
22 3 2032
84 3 2918
21 7 3652
36 4 3561
89 2 1630
97 6 2879
48 4 1510
57 7 3599
65 9 931
81 7 3082
80 2 1707
65 9 1035
85 8 1815
39 5 2865
48 4 2987
21 7 1849
99 7 1612
17 3 3402
49 10 1666
79 6 2100
75 9 2260
2 4 1938
44 5 1552
83 6 2561
95 2 2849
19 4 2659
61 7 1194
66 6 3719
55 9 2733
37 2 1854
92 10 3796
55 2 2274
70 7 3136
62 7 1807
97 2 1450
65 7 1249
69 6 1205
44 4 2007
99 6 3181
3 10 3474
96 5 3701
72 6 949
90 10 1045
64 8 3554
