49 3 2455
64 7 2462
78 9 2372
33 4 2082
56 7 2223
58 6 2166
52 5 2356
82 8 2382
81 7 2265
44 3 2099
57 8 2045
49 5 2283
99 4 2379
100 2 2168
79 1 2394
79 3 2007
28 3 2222
70 10 2473
91 7 2390
38 3 2034
27 7 2437
61 3 2259
61 1 1978
4 3 2462
93 6 2172
48 7 2459
44 10 2493
71 3 2091
65 9 2424
72 6 2417
87 5 2385
50 1 2212
24 7 2458
37 5 2441
28 6 2083
67 7 2366
90 6 2038
14 8 2184
94 10 2488
64 6 2475
23 1 2271
42 1 2090
6 10 2082
96 10 2475
26 2 2309
22 6 2331
72 7 2073
38 2 2235
41 9 2406
21 8 2032
