30 7 3282
84 7 2924
79 6 3244
73 2 1573
81 8 2549
84 10 2007
38 2 3049
25 3 2262
16 10 2059
78 5 2871
24 10 3270
3 8 2408
47 1 1851
88 9 2331
21 1 2143
59 2 2384
58 9 2332
26 3 2266
29 6 2611
91 1 2008
92 9 2938
96 6 1871
67 5 2133
33 5 1646
64 10 1726
91 5 2031
65 1 2057
63 5 2390
49 6 3353
96 3 3155
71 10 3022
97 4 1569
90 5 1890
86 10 2099
49 4 3152
95 7 2249
98 2 1858
26 4 3055
78 2 2773
53 2 3149
45 2 2899
74 1 3278
52 3 2608
12 9 2550
72 1 2171
75 2 2117
82 5 2902
51 1 3128
85 3 3255
68 8 1654
