97 6 3096
76 4 1923
74 8 1530
35 8 2072
99 2 2590
26 5 2070
70 6 2094
84 10 1614
84 2 2051
47 9 2423
96 9 2910
25 1 1283
18 5 1414
33 8 3143
77 2 2282
69 7 1328
11 10 1276
42 2 2327
29 9 1768
48 1 1253
10 2 2961
99 1 2687
58 10 2475
5 9 1635
5 4 3199
94 7 2044
62 1 2434
100 2 2710
26 4 2819
82 8 2156
28 8 1514
9 6 1882
42 1 1423
84 5 1377
34 1 3108
25 1 3084
65 6 1767
88 5 1321
48 10 1808
53 4 1353
47 3 2281
45 9 1680
32 10 2328
17 3 2972
80 8 1456
74 4 2579
33 5 2871
55 4 1419
97 8 1129
59 10 1546
